registry worldgen/biome 65
badlands
bamboo_jungle
basalt_deltas
beach
birch_forest
cherry_grove
cold_ocean
crimson_forest
dark_forest
deep_cold_ocean
deep_dark
deep_frozen_ocean
deep_lukewarm_ocean
deep_ocean
desert
dripstone_caves
end_barrens
end_highlands
end_midlands
eroded_badlands
flower_forest
forest
frozen_ocean
frozen_peaks
frozen_river
grove
ice_spikes
jagged_peaks
jungle
lukewarm_ocean
lush_caves
mangrove_swamp
meadow
mushroom_fields
nether_wastes
ocean
old_growth_birch_forest
old_growth_pine_taiga
old_growth_spruce_taiga
pale_garden
plains
river
savanna
savanna_plateau
small_end_islands
snowy_beach
snowy_plains
snowy_slopes
snowy_taiga
soul_sand_valley
sparse_jungle
stony_peaks
stony_shore
sunflower_plains
swamp
taiga
the_end
the_void
warm_ocean
warped_forest
windswept_forest
windswept_gravelly_hills
windswept_hills
windswept_savanna
wooded_badlands
registry chat_type 7
chat
emote_command
msg_command_incoming
msg_command_outgoing
say_command
team_msg_command_incoming
team_msg_command_outgoing
registry trim_pattern 18
bolt
coast
dune
eye
flow
host
raiser
rib
sentry
shaper
silence
snout
spire
tide
vex
ward
wayfinder
wild
registry trim_material 11
amethyst
copper
diamond
emerald
gold
iron
lapis
netherite
quartz
redstone
resin
registry wolf_variant 9
ashen
black
chestnut
pale
rusty
snowy
spotted
striped
woods
registry wolf_sound_variant 7
angry
big
classic
cute
grumpy
puglin
sad
registry pig_variant 3
cold
temperate
warm
registry frog_variant 3
cold
temperate
warm
registry cat_variant 11
all_black
black
british_shorthair
calico
jellie
persian
ragdoll
red
siamese
tabby
white
registry cow_variant 3
cold
temperate
warm
registry chicken_variant 3
cold
temperate
warm
registry painting_variant 50
alban
aztec
aztec2
backyard
baroque
bomb
bouquet
burning_skull
bust
cavebird
changing
cotan
courbet
creebet
donkey_kong
earth
endboss
fern
fighters
finding
fire
graham
humble
kebab
lowmist
match
meditative
orb
owlemons
passage
pigscene
plant
pointer
pond
pool
prairie_ride
sea
skeleton
skull_and_roses
stage
sunflowers
sunset
tides
unpacked
void
wanderer
wasteland
water
wind
wither
registry dimension_type 4
overworld
overworld_caves
the_end
the_nether
registry damage_type 49
arrow
bad_respawn_point
cactus
campfire
cramming
dragon_breath
drown
dry_out
ender_pearl
explosion
fall
falling_anvil
falling_block
falling_stalactite
fireball
fireworks
fly_into_wall
freeze
generic
generic_kill
hot_floor
in_fire
in_wall
indirect_magic
lava
lightning_bolt
mace_smash
magic
mob_attack
mob_attack_no_aggro
mob_projectile
on_fire
out_of_world
outside_border
player_attack
player_explosion
sonic_boom
spit
stalagmite
starve
sting
sweet_berry_bush
thorns
thrown
trident
unattributed_fireball
wind_charge
wither
wither_skull
registry banner_pattern 43
base
border
bricks
circle
creeper
cross
curly_border
diagonal_left
diagonal_right
diagonal_up_left
diagonal_up_right
flow
flower
globe
gradient
gradient_up
guster
half_horizontal
half_horizontal_bottom
half_vertical
half_vertical_right
mojang
piglin
rhombus
skull
small_stripes
square_bottom_left
square_bottom_right
square_top_left
square_top_right
straight_cross
stripe_bottom
stripe_center
stripe_downleft
stripe_downright
stripe_left
stripe_middle
stripe_right
stripe_top
triangle_bottom
triangle_top
triangles_bottom
triangles_top
registry enchantment 42
aqua_affinity
bane_of_arthropods
binding_curse
blast_protection
breach
channeling
density
depth_strider
efficiency
feather_falling
fire_aspect
fire_protection
flame
fortune
frost_walker
impaling
infinity
knockback
looting
loyalty
luck_of_the_sea
lure
mending
multishot
piercing
power
projectile_protection
protection
punch
quick_charge
respiration
riptide
sharpness
silk_touch
smite
soul_speed
sweeping_edge
swift_sneak
thorns
unbreaking
vanishing_curse
wind_burst
registry jukebox_song 19
11
13
5
blocks
cat
chirp
creator
creator_music_box
far
mall
mellohi
otherside
pigstep
precipice
relic
stal
strad
wait
ward
registry instrument 8
admire_goat_horn
call_goat_horn
dream_goat_horn
feel_goat_horn
ponder_goat_horn
seek_goat_horn
sing_goat_horn
yearn_goat_horn
registry test_environment 1
default
registry test_instance 1
always_pass
tags banner_pattern 11
no_item_required 26,27,28,29,31,38,35,37,32,36,34,33,25,5,30,39,40,41,42,7,10,9,8,3,23,19,17,20,18,1,14,15
pattern_item/bordure_indented 6
pattern_item/creeper 4
pattern_item/field_masoned 2
pattern_item/flow 11
pattern_item/flower 12
pattern_item/globe 13
pattern_item/guster 16
pattern_item/mojang 21
pattern_item/piglin 22
pattern_item/skull 24
tags block 191
acacia_logs 53,75,64,83
air 0,761,762
all_hanging_signs 221,222,223,224,225,226,227,228,229,230,231,232,233,234,235,236,237,238,239,240,242,243,241,244
all_signs 197,198,199,200,202,203,204,860,861,205,206,201,211,212,213,214,216,217,218,862,863,219,220,215,221,222,223,224,225,226,227,228,229,230,231,232,233,234,235,236,237,238,239,240,242,243,241,244
ancient_city_replaceable 1059,1072,1068,1074,1070,1073,1071,1075,1060,1077,1078,147
animals_spawnable_on 8
anvil 435,436,437
armadillo_spawnable_on 8,522,452,456,453,466,464,460,39,10
axolotls_spawnable_on 268
azalea_grows_on 9,8,11,10,342,1057,1052,1096,1058,59,37,39,38,522,452,453,454,455,456,457,458,459,460,461,462,463,464,465,466,467,265,959
azalea_root_replaceable 1,2,4,6,943,1059,9,8,11,10,342,1057,1052,1096,1058,59,522,452,453,454,455,456,457,458,459,460,461,462,463,464,465,466,467,39,268,40,37,265,959
badlands_terracotta 522,452,456,453,466,464,460
bamboo_blocks 60,70
bamboo_plantable_on 37,39,38,9,8,11,10,342,1057,1052,1096,1058,59,759,758,40,41
banners 531,532,533,534,535,536,537,538,539,540,541,542,543,544,545,546,547,548,549,550,551,552,553,554,555,556,557,558,559,560,561,562
base_stone_nether 272,275,883
base_stone_overworld 1,2,4,6,943,1059
bats_spawnable_on 1,2,4,6,943,1059
beacon_base_blocks 874,372,192,173,174
beds 124,125,121,122,119,117,123,113,118,115,112,111,116,120,110,114
bee_attractive 157,1099,159,160,161,162,163,164,165,166,167,168,170,169,158,525,526,528,527,632,98,1047,33,93,1049,1050,625,1045,267
bee_growables 633,409,410,194,334,333,630,631,820,1043,1044
beehives 870,871
big_dripleaf_placeable 268,1052,9,8,11,10,342,1057,1058,59,195
birch_logs 51,73,62,81
blocks_wind_charge_explosions 492,34
buttons 411,412,413,414,415,417,418,856,857,419,420,416,262,898
camel_sand_step_sound_blocks 37,39,38,694,695,696,697,698,699,700,701,702,703,704,705,706,707,708,709
camels_spawnable_on 37,39,38
campfires 818,819
candle_cakes 920,921,922,923,924,925,926,927,928,929,930,931,932,933,934,935,936
candles 903,904,905,906,907,908,909,910,911,912,913,914,915,916,917,918,919
cauldrons 356,357,358,359
cave_vines 1044,1043
ceiling_hanging_signs 221,222,223,224,225,226,227,228,229,230,231,232
cherry_logs 54,76,65,84
climbable 208,335,804,837,838,839,840,1043,1044
coal_ores 46,47
combination_step_sound_blocks 506,507,508,509,510,511,512,513,514,515,516,517,518,519,520,521,1048,1097,263,829,828,841,337
completes_find_tree_tutorial 55,77,66,85,56,20,67,86,49,71,68,79,53,75,64,83,51,73,62,81,52,74,63,82,50,72,61,80,57,78,69,87,54,76,65,84,830,831,832,833,821,822,823,824,91,88,89,95,94,92,90,97,98,96,93,640,827
concrete_powder 694,695,696,697,698,699,700,701,702,703,704,705,706,707,708,709
convertable_to_mud 9,10,1057
copper_ores 970,971
coral_blocks 720,721,722,723,724
coral_plants 730,731,732,733,734
corals 730,731,732,733,734,740,741,742,743,744
crimson_stems 830,831,832,833
crops 633,409,410,194,334,333,630,631
crystal_sound_blocks 937,938
dampens_vibrations 140,141,142,143,144,145,146,147,148,149,150,151,152,153,154,155,506,507,508,509,510,511,512,513,514,515,516,517,518,519,520,521
dark_oak_logs 55,77,66,85
deepslate_ore_replaceables 1059,943
diamond_ores 190,191
dirt 9,8,11,10,342,1057,1052,1096,1058,59
does_not_block_hoppers 870,871
doors 207,614,615,616,617,619,620,858,859,621,622,618,1008,1009,1011,1010,1012,1013,1015,1014,247
dragon_immune 492,34,360,361,635,376,636,637,864,865,156,180,876,362,326,877,1090,866,867
dragon_transparent 493,183,184
dripstone_replaceable_blocks 1,2,4,6,943,1059
dry_vegetation_may_place_on 37,39,38,522,452,453,454,455,456,457,458,459,460,461,462,463,464,465,466,467,9,8,11,10,342,1057,1052,1096,1058,59,195
edible_for_sheep 130,134,135,131
emerald_ores 367,368
enchantment_power_provider 177
enchantment_power_transmitter 0,35,36,130,131,132,133,134,135,136,137,183,184,263,335,336,337,493,529,530,643,761,762,763,828,829,841,1051,1056
enderman_holdable 157,1099,159,160,161,162,163,164,165,166,167,168,170,169,158,1100,9,8,11,10,342,1057,1052,1096,1058,59,37,39,40,171,172,176,266,268,329,281,330,835,834,841,826,825,828,267
fall_damage_resetting 208,335,804,837,838,839,840,1043,1044,820,129
features_cannot_replace 34,185,188,361,1090,1093,1094
fence_gates 599,597,601,602,598,338,596,852,853,603,604,600
fences 271,608,610,611,605,606,607,848,849,612,613,609,351
fire 183,184
flower_pots 380,1101,1102,393,394,395,396,397,398,399,400,401,392,382,383,384,385,386,388,389,405,406,407,391,408,402,403,404,760,878,879,880,881,1084,1085,390,387,381
flowers 157,1099,159,160,161,162,163,164,165,166,167,168,170,169,158,1100,525,526,528,527,632,98,1047,33,93,1049,1050,625,1045,267
foxes_spawnable_on 8,263,265,11,10
frog_prefer_jump_to 343,1053
frogs_spawnable_on 8,1058,58,59
geode_invalid_blocks 34,35,36,264,524,756
goats_spawnable_on 8,1,263,265,524,40
gold_ores 42,48,43
guarded_by_piglins 173,806,188,369,894,438,1083,645,661,657,658,655,653,659,649,654,651,648,647,652,656,660,646,650,42,48,43
hoglin_repellents 826,879,280,877
ice 264,524,756,638
impermeable 101,285,286,287,288,289,290,291,292,293,294,295,296,297,298,299,300,958
incorrect_for_diamond_tool 
incorrect_for_gold_tool 180,876,874,877,875,192,190,191,367,368,372,173,1083,42,43,258,259,174,1081,44,45,104,102,103,966,1082,970,971,991,987,975,968,989,985,973,969,988,984,972,967,990,986,974,992,1007,1003,999,993,1005,1001,997,994,1006,1002,998,995,1004,1000,996,1040,1092,979,978,977,976,983,982,981,980,1024,1025,1026,1027,1028,1029,1030,1031,1032,1033,1034,1035,1036,1037,1038,1039,1016,1017,1019,1018,1020,1021,1023,1022
incorrect_for_iron_tool 180,876,874,877,875
incorrect_for_netherite_tool 
incorrect_for_stone_tool 180,876,874,877,875,192,190,191,367,368,372,173,1083,42,43,258,259
incorrect_for_wooden_tool 180,876,874,877,875,192,190,191,367,368,372,173,1083,42,43,258,259,174,1081,44,45,104,102,103,966,1082,970,971,991,987,975,968,989,985,973,969,988,984,972,967,990,986,974,992,1007,1003,999,993,1005,1001,997,994,1006,1002,998,995,1004,1000,996,1040,1092,979,978,977,976,983,982,981,980,1024,1025,1026,1027,1028,1029,1030,1031,1032,1033,1034,1035,1036,1037,1038,1039,1016,1017,1019,1018,1020,1021,1023,1022
infiniburn_end 272,639,34
infiniburn_nether 272,639
infiniburn_overworld 272,639
inside_step_sound_blocks 959,963,336,343,942,1049,1050,1051
invalid_spawn_inside 360,635
iron_ores 44,45
jungle_logs 52,74,63,82
lapis_ores 102,103
lava_pool_stone_cannot_replace 34,185,188,361,1090,1093,1094,91,88,89,95,94,92,90,97,98,96,93,55,77,66,85,56,20,67,86,49,71,68,79,53,75,64,83,51,73,62,81,52,74,63,82,50,72,61,80,57,78,69,87,54,76,65,84,830,831,832,833,821,822,823,824
leaves 91,88,89,95,94,92,90,97,98,96,93
logs 55,77,66,85,56,20,67,86,49,71,68,79,53,75,64,83,51,73,62,81,52,74,63,82,50,72,61,80,57,78,69,87,54,76,65,84,830,831,832,833,821,822,823,824
logs_that_burn 55,77,66,85,56,20,67,86,49,71,68,79,53,75,64,83,51,73,62,81,52,74,63,82,50,72,61,80,57,78,69,87,54,76,65,84
lush_ground_replaceable 1,2,4,6,943,1059,1044,1043,9,8,11,10,342,1057,1052,1096,1058,59,268,40,37
maintains_farmland 333,331,334,332,633,409,410,630,158,631,194
mangrove_logs 57,78,69,87
mangrove_logs_can_grow_through 1058,59,58,96,57,33,1048,335
mangrove_roots_can_grow_through 1058,59,58,1048,335,33,263
mineable/axe 109,759,806,870,871,1054,1053,177,323,818,809,281,188,625,624,365,868,193,442,810,336,282,270,208,812,805,330,325,329,324,813,819,438,335,531,532,533,534,535,536,537,538,539,540,541,542,543,544,545,546,547,548,549,550,551,552,553,554,555,556,557,558,559,560,561,562,599,597,601,602,598,338,596,852,853,603,604,600,55,77,66,85,56,20,67,86,49,71,68,79,53,75,64,83,51,73,62,81,52,74,63,82,50,72,61,80,57,78,69,87,54,76,65,84,830,831,832,833,821,822,823,824,13,14,15,16,17,19,21,842,843,22,23,18,197,198,199,200,202,203,204,860,861,205,206,201,211,212,213,214,216,217,218,862,863,219,220,215,411,412,413,414,415,417,418,856,857,419,420,416,207,614,615,616,617,619,620,858,859,621,622,618,271,608,610,611,605,606,607,848,849,612,613,609,248,249,250,251,252,254,255,846,847,256,257,253,567,568,569,570,571,573,574,844,845,575,576,572,187,373,374,375,484,486,487,854,855,488,489,485,305,303,307,308,304,301,302,850,851,309,310,306,58,221,222,223,224,225,226,227,228,229,230,231,232,233,234,235,236,237,238,239,240,242,243,241,244,24,577,490,60,70,178,186
mineable/hoe 91,88,89,95,94,92,90,97,98,96,93,640,827,505,712,869,836,99,100,960,961,1052,1048,1096,1097,962,964,963,965
mineable/pickaxe 1,2,3,4,5,6,7,12,42,43,44,45,46,47,48,102,103,104,105,106,107,108,173,174,175,179,180,185,190,191,192,196,210,246,247,258,259,272,275,276,311,312,313,314,326,327,339,340,350,351,352,354,355,362,366,367,368,369,372,439,440,443,444,445,446,447,448,449,451,452,453,454,455,456,457,458,459,460,461,462,463,464,465,466,467,494,495,496,497,498,499,500,501,502,503,522,523,563,564,565,566,578,579,580,581,582,583,584,585,587,588,589,590,591,592,593,594,595,626,627,628,629,639,641,642,644,662,663,664,665,666,667,668,669,670,671,672,673,674,675,676,677,678,679,680,681,682,683,684,685,686,687,688,689,690,691,692,693,715,716,717,718,719,720,721,722,723,724,725,726,727,728,729,735,736,737,738,739,745,746,747,748,749,764,765,766,767,768,769,770,771,772,773,774,775,776,777,778,779,780,781,782,783,784,785,786,787,788,789,790,807,808,811,814,815,816,817,825,834,874,875,876,877,882,883,884,886,887,888,889,890,891,892,894,895,896,897,900,901,902,943,957,969,968,967,966,970,971,972,973,974,975,984,985,986,987,988,989,990,991,992,993,994,995,996,997,998,999,1000,1001,1002,1003,1004,1005,1006,1007,1040,1041,1042,1059,1060,1061,1062,1064,1065,1066,1068,1069,1070,1072,1073,1074,1076,1077,1078,1080,1081,1082,1083,264,524,756,138,128,139,939,942,941,940,937,938,318,322,321,1079,317,320,319,262,898,378,379,791,792,793,794,795,796,798,799,800,801,802,803,885,893,899,1063,1067,1071,1075,797,946,950,955,348,645,661,657,658,655,653,659,649,654,651,648,647,652,656,660,646,650,435,436,437,356,357,358,359,209,126,127,450,757,316,341,586,315,1092,944,945,951,947,948,949,952,953,954,956,979,978,977,976,983,982,981,980,1024,1025,1026,1027,1028,1029,1030,1031,1032,1033,1034,1035,1036,1037,1038,1039,1008,1009,1011,1010,1012,1013,1015,1014,1016,1017,1019,1018,1020,1021,1023,1022,1095,345,347,346,349
mineable/shovel 268,9,10,11,195,8,40,342,37,39,265,263,273,634,274,1057,59,1058,38,41,694,695,696,697,698,699,700,701,702,703,704,705,706,707,708,709
mob_interactable_doors 207,614,615,616,617,619,620,858,859,621,622,618,1008,1009,1011,1010,1012,1013,1015,1014
mooshrooms_spawnable_on 342
moss_replaceable 1,2,4,6,943,1059,1044,1043,9,8,11,10,342,1057,1052,1096,1058,59
mushroom_grow_block 342,11,834,825
needs_diamond_tool 180,876,874,877,875
needs_iron_tool 192,190,191,367,368,372,173,1083,42,43,258,259
needs_stone_tool 174,1081,44,45,104,102,103,966,1082,970,971,991,987,975,968,989,985,973,969,988,984,972,967,990,986,974,992,1007,1003,999,993,1005,1001,997,994,1006,1002,998,995,1004,1000,996,1040,1092,979,978,977,976,983,982,981,980,1024,1025,1026,1027,1028,1029,1030,1031,1032,1033,1034,1035,1036,1037,1038,1039,1016,1017,1019,1018,1020,1021,1023,1022
nether_carver_replaceables 1,2,4,6,943,1059,272,275,883,9,8,11,10,342,1057,1052,1096,1058,59,834,825,640,827,273,274
nylium 834,825
oak_logs 49,71,68,79
occludes_vibration_signals 140,141,142,143,144,145,146,147,148,149,150,151,152,153,154,155
overworld_carver_replaceables 1,2,4,6,943,1059,9,8,11,10,342,1057,1052,1096,1058,59,37,39,38,522,452,453,454,455,456,457,458,459,460,461,462,463,464,465,466,467,44,45,970,971,263,265,959,35,40,41,106,563,957,524,1081,1082
overworld_natural_logs 53,51,49,52,50,55,56,57,54
pale_oak_logs 56,20,67,86
parrots_spawnable_on 8,0,91,88,89,95,94,92,90,97,98,96,93,55,77,66,85,56,20,67,86,49,71,68,79,53,75,64,83,51,73,62,81,52,74,63,82,50,72,61,80,57,78,69,87,54,76,65,84,830,831,832,833,821,822,823,824
piglin_repellents 184,277,817,278,819
planks 13,14,15,16,17,19,21,842,843,22,23,18
plays_ambient_desert_block_sounds 522,452,453,454,455,456,457,458,459,460,461,462,463,464,465,466,467,37,39
polar_bears_spawnable_on_alternate 264
portals 280,360,635
pressure_plates 439,440,248,249,250,251,252,254,255,846,847,256,257,253,246,897
prevent_mob_spawning_inside 209,126,127,450
rabbits_spawnable_on 8,263,265,37
rails 209,126,127,450
redstone_ores 258,259
replaceable 0,35,36,130,131,132,133,134,135,136,137,183,184,263,335,336,337,493,529,530,643,761,762,763,828,829,841,1051,1056
replaceable_by_mushrooms 91,88,89,95,94,92,90,97,98,96,93,157,1099,159,160,161,162,163,164,165,166,167,168,170,169,158,1100,1097,130,131,132,335,336,525,526,527,528,529,530,1056,632,35,136,137,171,172,323,324,828,829,841,1051,134,135,133,1103
replaceable_by_trees 91,88,89,95,94,92,90,97,98,96,93,157,1099,159,160,161,162,163,164,165,166,167,168,170,169,158,1100,1097,130,131,132,335,336,525,526,527,528,529,530,1056,632,35,136,137,133,1103,828,829,841,1051,134,135
sand 37,39,38
saplings 25,26,27,28,29,31,32,1046,1047,33,30
sculk_replaceable 1,2,4,6,943,1059,9,8,11,10,342,1057,1052,1096,1058,59,522,452,453,454,455,456,457,458,459,460,461,462,463,464,465,466,467,834,825,272,275,883,37,39,40,273,274,957,1080,268,1042,362,563,106
sculk_replaceable_world_gen 1,2,4,6,943,1059,9,8,11,10,342,1057,1052,1096,1058,59,522,452,453,454,455,456,457,458,459,460,461,462,463,464,465,466,467,834,825,272,275,883,37,39,40,273,274,957,1080,268,1042,362,563,106,1072,1068,1060,1077,1078,1064
shulker_boxes 645,661,657,658,655,653,659,649,654,651,648,647,652,656,660,646,650
signs 197,198,199,200,202,203,204,860,861,205,206,201,211,212,213,214,216,217,218,862,863,219,220,215
slabs 567,568,569,570,571,573,574,844,845,575,576,572,577,578,579,585,580,591,588,589,584,583,587,582,501,502,503,778,779,780,781,782,783,784,785,786,787,788,789,790,581,590,886,891,896,1062,1066,1070,1074,1005,1006,1007,988,989,990,991,1004,586,944,948,953,347
small_dripleaf_placeable 268,1052
small_flowers 157,1099,159,160,161,162,163,164,165,166,167,168,170,169,158,1100
smelts_to_glass 37,39
snaps_goat_horn 53,51,49,52,50,55,56,57,54,1,524,44,46,970,367
sniffer_diggable_block 9,8,11,10,1057,1052,1096,1058,59
sniffer_egg_hatch_boost 1052
snow 263,265,959
snow_layer_can_survive_on 872,273,1058
snow_layer_cannot_survive_on 264,524,492
soul_fire_base_blocks 273,274
soul_speed_blocks 273,274
spruce_logs 50,72,61,80
stairs 187,373,374,375,484,486,487,854,855,488,489,485,490,210,366,352,340,339,628,449,566,499,498,500,764,765,766,767,768,769,770,771,772,773,774,775,776,777,884,892,895,1061,1065,1069,1073,984,985,986,987,1001,1002,1003,1000,341,945,949,954,346
standing_signs 197,198,199,200,202,203,204,860,861,205,206,201
stone_bricks 311,312,313,314
stone_buttons 262,898
stone_ore_replaceables 1,2,4,6
stone_pressure_plates 246,897
strider_warm_blocks 36
sword_efficient 91,88,89,95,94,92,90,97,98,96,93,335,336,329,281,282,330,365,1053,1054,624,625
sword_instantly_mines 759,758
terracotta 522,452,453,454,455,456,457,458,459,460,461,462,463,464,465,466,467
trail_ruins_replaceable 40
trapdoors 305,303,307,308,304,301,302,850,851,309,310,306,494,1016,1017,1019,1018,1020,1021,1023,1022
underwater_bonemeals 136,730,731,732,733,734,740,741,742,743,744,750,751,752,753,754
unstable_bottom_center 599,597,601,602,598,338,596,852,853,603,604,600
valid_spawn 8,11
vibration_resonators 937
wall_corals 750,751,752,753,754
wall_hanging_signs 233,234,235,236,237,238,239,240,242,243,241,244
wall_post_override 181,277,260,371,197,198,199,200,202,203,204,860,861,205,206,201,211,212,213,214,216,217,218,862,863,219,220,215,531,532,533,534,535,536,537,538,539,540,541,542,543,544,545,546,547,548,549,550,551,552,553,554,555,556,557,558,559,560,561,562,439,440,248,249,250,251,252,254,255,846,847,256,257,253,246,897,267
wall_signs 211,212,213,214,216,217,218,862,863,219,220,215
walls 378,379,791,792,793,794,795,796,798,799,800,801,802,803,885,893,899,1063,1067,1071,1075,797,946,950,955,348
warped_stems 821,822,823,824
wart_blocks 640,827
wither_immune 492,34,360,361,635,376,636,637,864,865,156,493,1090,866,867
wither_summon_base_blocks 273,274
wolves_spawnable_on 8,263,265,10,11
wooden_buttons 411,412,413,414,415,417,418,856,857,419,420,416
wooden_doors 207,614,615,616,617,619,620,858,859,621,622,618
wooden_fences 271,608,610,611,605,606,607,848,849,612,613,609
wooden_pressure_plates 248,249,250,251,252,254,255,846,847,256,257,253
wooden_slabs 567,568,569,570,571,573,574,844,845,575,576,572
wooden_stairs 187,373,374,375,484,486,487,854,855,488,489,485
wooden_trapdoors 305,303,307,308,304,301,302,850,851,309,310,306
wool 140,141,142,143,144,145,146,147,148,149,150,151,152,153,154,155
wool_carpets 506,507,508,509,510,511,512,513,514,515,516,517,518,519,520,521
tags damage_type 33
always_hurts_ender_dragons 15,9,35,1
always_kills_armor_stands 0,44,14,48,46
always_most_significant_fall 32
always_triggers_silverfish 27
avoids_guardian_thorns 27,42,15,9,35,1
burn_from_stepping 3,20
burns_armor_stands 31
bypasses_armor 31,22,4,6,16,18,47,5,39,10,8,17,38,27,23,32,19,36,33
bypasses_effects 39
bypasses_enchantments 36
bypasses_invulnerability 32,19
bypasses_resistance 32,19
bypasses_shield 31,22,4,6,16,18,47,5,39,10,8,17,38,27,23,32,19,36,33,2,3,7,11,13,20,21,24,25,41
bypasses_wolf_armor 32,19,4,6,7,17,22,23,27,33,39,42,47
can_break_armor_stand 35,34,26
damages_helmet 11,12,13
ignites_armor_stands 21,3
is_drowning 6
is_explosion 15,9,35,1
is_fall 10,8,38
is_fire 21,3,31,24,20,45,14
is_freezing 17
is_lightning 25
is_player_attack 34,26
is_projectile 0,44,30,45,14,48,43,46
mace_smash 26
no_anger 29
no_impact 6
no_knockback 9,35,1,21,25,31,24,20,22,4,6,39,2,10,8,16,32,18,27,47,5,7,41,17,38,33,19,3
panic_causes 2,17,20,21,24,25,31,0,5,9,14,15,23,27,28,30,35,36,40,43,44,45,46,47,48,34,26
panic_environmental_causes 2,17,20,21,24,25,31
witch_resistant_to 27,23,36,42
wither_immune_to 6
tags enchantment 22
curse 2,40
double_trade_price 2,40,37,35,14,22,41
exclusive_set/armor 27,3,11,26
exclusive_set/boots 14,7
exclusive_set/bow 16,22
exclusive_set/crossbow 23,24
exclusive_set/damage 32,34,1,15,6,4
exclusive_set/mining 13,33
exclusive_set/riptide 19,5
in_enchanting_table 27,11,9,3,26,30,0,38,7,32,34,1,17,10,18,36,8,33,39,13,25,28,12,16,20,21,19,15,31,5,23,29,24,6,4
non_treasure 27,11,9,3,26,30,0,38,7,32,34,1,17,10,18,36,8,33,39,13,25,28,12,16,20,21,19,15,31,5,23,29,24,6,4
on_mob_spawn_equipment 27,11,9,3,26,30,0,38,7,32,34,1,17,10,18,36,8,33,39,13,25,28,12,16,20,21,19,15,31,5,23,29,24,6,4
on_random_loot 27,11,9,3,26,30,0,38,7,32,34,1,17,10,18,36,8,33,39,13,25,28,12,16,20,21,19,15,31,5,23,29,24,6,4,2,40,14,22
on_traded_equipment 27,11,9,3,26,30,0,38,7,32,34,1,17,10,18,36,8,33,39,13,25,28,12,16,20,21,19,15,31,5,23,29,24,6,4
prevents_bee_spawns_when_mining 33
prevents_decorated_pot_shattering 33
prevents_ice_melting 33
prevents_infested_spawns 33
smelts_loot 10
tooltip_order 2,40,31,5,41,14,32,34,1,15,25,6,4,24,36,23,10,12,17,28,27,3,11,26,9,13,18,33,20,8,29,21,30,0,35,37,7,38,19,39,16,22
tradeable 27,11,9,3,26,30,0,38,7,32,34,1,17,10,18,36,8,33,39,13,25,28,12,16,20,21,19,15,31,5,23,29,24,6,4,2,40,14,22
treasure 2,40,37,35,14,22,41
tags entity_type 37
aquatic 131,7,60,38,26,101,104,130,33,121,58,124
arrows 6,117
arthropod 11,40,108,118,21
axolotl_always_hostiles 36,60,38
axolotl_hunt_targets 130,101,104,26,121,58,124
beehive_inhabitors 11
boat 84,119,12,71,0,22,31,89,78,9
can_breathe_under_water 109,122,140,110,16,145,144,146,147,143,36,64,139,93,7,53,60,38,131,58,26,101,104,121,130,124,5
can_equip_saddle 63,110,145,34,83,94,123,19
can_turn_in_boats 17
can_wear_horse_armor 63
deflects_projectiles 17
dismounts_underwater 19,25,34,63,75,83,94,103,118,123,128,145
fall_damage_immune 67,115,106,2,10,11,14,20,25,55,93,77,86,92,139,17
freeze_hurts_extra_types 123,14,77
freeze_immune_entity_types 122,98,115,139
frog_food 111,77
ignores_poison_and_regen 109,122,140,110,16,145,144,146,147,143,36,64,139,93
illager 44,65,97,134
illager_friends 44,65,97,134
immune_to_infested 108
immune_to_oozing 111
impact_projectiles 6,117,51,114,50,112,37,129,35,141,137,18
inverted_healing_and_harm 109,122,140,110,16,145,144,146,147,143,36,64,139,93
no_anger_from_wind_charge 17,109,16,122,144,64,118,21,111
non_controlling_rider 111,77
not_scary_for_pufferfish 131,60,38,26,101,104,130,33,121,58,124
powder_snow_walkable_mobs 102,40,108,52
raiders 44,97,103,134,65,138
redirectable_projectile 50,137,18
sensitive_to_bane_of_arthropods 11,40,108,118,21
sensitive_to_impaling 131,7,60,38,26,101,104,130,33,121,58,124
sensitive_to_smite 109,122,140,110,16,145,144,146,147,143,36,64,139,93
skeletons 109,122,140,110,16
undead 109,122,140,110,16,145,144,146,147,143,36,64,139,93
wither_friends 109,122,140,110,16,145,144,146,147,143,36,64,139,93
zombies 145,144,146,147,143,36,64
tags fluid 2
lava 4,3
water 2,1
tags game_event 5
allay_can_listen 33
ignore_vibrations_sneaking 26,36,41,42,29,28
shrieker_can_listen 37
vibrations 1,2,3,5,6,7,8,0,4,9,10,11,12,13,14,15,16,17,18,19,20,21,22,24,25,26,27,28,32,33,34,35,36,38,40,41,42,43,44,45,46,47,48,49,50,51,52,53,54,55,56,57,58,59,23
warden_can_listen 1,2,3,5,6,7,8,0,4,9,10,11,12,13,14,15,16,17,18,19,20,21,22,24,25,26,27,28,32,33,34,35,36,38,40,41,42,43,44,45,46,47,48,49,50,51,52,53,54,55,56,57,58,59,39,37
tags instrument 3
goat_horns 4,6,5,3,0,1,7,2
regular_goat_horns 4,6,5,3
screaming_goat_horns 0,1,7,2
tags item 176
acacia_logs 138,175,152,163
anvil 449,450,451
armadillo_food 1060
arrows 842,1223,1222
axes 881,866,871,886,861,876
axolotl_food 960
bamboo_blocks 147,170
banners 1196,1197,1198,1199,1200,1201,1202,1203,1204,1205,1206,1207,1208,1209,1210,1211
beacon_payment_items 856,846,845,855,851
beds 1038,1039,1035,1036,1033,1031,1037,1027,1032,1029,1026,1025,1030,1034,1024,1028
bee_food 229,230,232,233,234,235,236,237,238,239,240,241,242,243,244,495,496,498,497,245,192,206,57,187,258,259,313,246,329
birch_logs 136,173,150,161
boats 810,812,814,816,818,822,824,826,828,820,811,813,815,817,819,823,825,827,829,821
book_cloning_target 1152
bookshelf_books 967,1153,1176,1152,1229
breaks_decorated_pots 878,863,868,883,858,873,881,866,871,886,861,876,880,865,870,885,860,875,879,864,869,884,859,874,882,867,872,887,862,877,1251,1155
brewing_fuel 1062
bundles 974,990,986,987,984,982,988,978,983,980,977,976,981,985,989,979,975
buttons 714,715,716,717,718,720,721,724,725,722,723,719,712,713
camel_food 328
candles 1305,1306,1307,1308,1309,1310,1311,1312,1313,1314,1315,1316,1317,1318,1319,1320,1321
cat_food 995,996
cherry_logs 139,176,153,164
chest_armor 897,901,913,905,909,917
chest_boats 811,813,815,817,819,823,825,827,829,821
chicken_food 893,1047,1046,1218,1215,1216
cluster_max_harvestables 880,870,875,885,865,860
coal_ores 64,65
coals 843,844
compasses 972,973
completes_find_tree_tutorial 141,178,154,165,140,177,155,166,134,171,148,159,138,175,152,163,136,173,150,161,137,174,151,162,135,172,149,160,142,179,156,167,139,176,153,164,145,157,180,168,146,158,181,169,185,182,183,189,188,186,184,191,192,190,187,547,548
copper_ores 68,69
cow_food 894
creeper_drop_music_discs 1231,1232,1233,1234,1237,1238,1239,1240,1241,1242,1243,1244
creeper_igniters 838,1150
crimson_stems 145,157,180,168
dampens_vibrations 213,214,215,216,217,218,219,220,221,222,223,224,225,226,227,228,476,477,478,479,480,481,482,483,484,485,486,487,488,489,490,491
dark_oak_logs 141,178,154,165
decorated_pot_ingredients 963,1352,1353,1354,1355,1356,1357,1358,1359,1361,1363,1364,1365,1366,1367,1368,1369,1371,1372,1373,1374,1360,1362,1370
decorated_pot_sherds 1352,1353,1354,1355,1356,1357,1358,1359,1361,1363,1364,1365,1366,1367,1368,1369,1371,1372,1373,1374,1360,1362,1370
diamond_ores 78,79
diamond_tool_materials 845
dirt 28,27,30,29,393,31,262,265,32,144
doors 743,744,745,746,747,749,750,753,754,751,752,748,755,756,757,758,759,760,761,762,742
drowned_preferred_weapons 1251
duplicates_allays 849
dyeable 896,897,898,899,1190,837
eggs 969,970,971
emerald_ores 74,75
enchantable/armor 899,903,915,907,911,919,898,902,914,906,910,918,897,901,913,905,909,917,896,900,912,904,908,916,834
enchantable/bow 841
enchantable/chest_armor 897,901,913,905,909,917
enchantable/crossbow 1254
enchantable/durability 899,903,915,907,911,919,898,902,914,906,910,918,897,901,913,905,909,917,896,900,912,904,908,916,834,809,1225,878,863,868,883,858,873,881,866,871,886,861,876,880,865,870,885,860,875,879,864,869,884,859,874,882,867,872,887,862,877,841,1254,1251,838,1043,1332,991,806,807,1155
enchantable/equippable 899,903,915,907,911,919,898,902,914,906,910,918,897,901,913,905,909,917,896,900,912,904,908,916,834,809,1167,1169,1168,1165,1166,1170,1171,345
enchantable/fire_aspect 878,863,868,883,858,873,1155
enchantable/fishing 991
enchantable/foot_armor 899,903,915,907,911,919
enchantable/head_armor 896,900,912,904,908,916,834
enchantable/leg_armor 898,902,914,906,910,918
enchantable/mace 1155
enchantable/mining 881,866,871,886,861,876,880,865,870,885,860,875,879,864,869,884,859,874,882,867,872,887,862,877,1043
enchantable/mining_loot 881,866,871,886,861,876,880,865,870,885,860,875,879,864,869,884,859,874,882,867,872,887,862,877
enchantable/sharp_weapon 878,863,868,883,858,873,881,866,871,886,861,876
enchantable/sword 878,863,868,883,858,873
enchantable/trident 1251
enchantable/vanishing 899,903,915,907,911,919,898,902,914,906,910,918,897,901,913,905,909,917,896,900,912,904,908,916,834,809,1225,878,863,868,883,858,873,881,866,871,886,861,876,880,865,870,885,860,875,879,864,869,884,859,874,882,867,872,887,862,877,841,1254,1251,838,1043,1332,991,806,807,1155,972,345,1167,1169,1168,1165,1166,1170,1171
enchantable/weapon 878,863,868,883,858,873,881,866,871,886,861,876,1155
fence_gates 788,786,790,791,787,784,785,794,795,792,793,789
fences 332,336,338,339,333,334,335,342,343,340,341,337,398
fishes 995,999,996,1000,998,997
flowers 229,230,232,233,234,235,236,237,238,239,240,241,242,243,244,231,495,496,498,497,245,192,206,57,187,258,259,313,246,329
foot_armor 899,903,915,907,911,919
fox_food 1280,1281
freeze_immune_wearables 899,898,897,896,1190
frog_food 968
furnace_minecart_fuel 843,844
gaze_disguise_equipment 345
goat_food 894
gold_ores 70,80,71
gold_tool_materials 855
hanging_signs 938,939,940,942,943,941,944,945,948,949,946,947
head_armor 896,900,912,904,908,916,834
hoes 882,867,872,887,862,877
hoglin_food 249
horse_food 894,1022,475,840,1164,924,925
horse_tempt_items 1164,924,925
ignored_by_piglin_babies 955
iron_ores 66,67
iron_tool_materials 851
jungle_logs 137,174,151,162
lapis_ores 76,77
leaves 185,182,183,189,188,186,184,191,192,190,187
lectern_books 1153,1152
leg_armor 898,902,914,906,910,918
llama_food 894,475
llama_tempt_items 475
logs 141,178,154,165,140,177,155,166,134,171,148,159,138,175,152,163,136,173,150,161,137,174,151,162,135,172,149,160,142,179,156,167,139,176,153,164,145,157,180,168,146,158,181,169
logs_that_burn 141,178,154,165,140,177,155,166,134,171,148,159,138,175,152,163,136,173,150,161,137,174,151,162,135,172,149,160,142,179,156,167,139,176,153,164
mangrove_logs 142,179,156,167
map_invisibility_equipment 345
meat 1048,1050,1049,1051,1195,922,1182,1194,921,1181,1052
netherite_tool_materials 856
non_flammable_wood 146,158,181,169,145,157,180,168,46,47,281,282,740,741,342,343,774,775,794,795,423,424,724,725,753,754,936,937,949,948
noteblock_top_instruments 1168,1165,1169,1170,1166,1171,1167
oak_logs 134,171,148,159
ocelot_food 995,996
pale_oak_logs 140,177,155,166
panda_eats_from_ground 269,1023
panda_food 269
parrot_food 893,1047,1046,1218,1215,1216
parrot_poisonous_food 1040
pickaxes 880,865,870,885,860,875
pig_food 1159,1160,1217
piglin_food 921,922
piglin_loved 70,80,71,92,1295,728,855,1277,992,1164,1067,924,925,912,913,914,915,1188,868,870,869,871,872,854,86
piglin_preferred_weapons 1254
piglin_repellents 353,1279,1283
piglin_safe_armor 912,913,914,915
pillager_preferred_weapons 1254
planks 36,37,38,39,40,42,43,46,47,44,45,41
rabbit_food 1159,1164,229
rails 798,796,797,799
redstone_ores 72,73
repairs_chain_armor 851
repairs_diamond_armor 845
repairs_gold_armor 855
repairs_iron_armor 851
repairs_leather_armor 955
repairs_netherite_armor 856
repairs_turtle_helmet 835
repairs_wolf_armor 836
sand 59,62,60
saplings 49,50,51,52,53,55,56,205,206,57,54
sheep_food 894
shovels 879,864,869,884,859,874
shulker_boxes 552,568,564,565,562,560,566,556,561,558,555,554,559,563,567,553,557
signs 926,927,928,930,929,932,933,936,937,934,935,931
skeleton_preferred_weapons 841
skulls 1167,1169,1168,1165,1166,1170,1171
slabs 270,271,272,273,274,276,277,281,282,278,279,275,280,283,284,290,285,296,293,294,289,288,292,287,297,298,299,669,670,671,672,673,674,675,676,677,678,679,680,681,286,295,1293,1301,1297,682,683,685,684,132,131,130,113,112,111,110,133,291,13,18,22,387
small_flowers 229,230,232,233,234,235,236,237,238,239,240,241,242,243,244,231
smelts_to_glass 59,62
sniffer_food 1215
soul_fire_base_blocks 348,349
spruce_logs 135,172,149,160
stairs 412,413,414,415,416,418,419,423,424,420,421,417,422,324,409,399,391,390,316,456,543,537,536,538,651,652,653,654,655,656,657,658,659,660,661,662,663,664,1294,1302,1298,665,666,668,667,109,108,107,106,128,127,126,129,392,14,19,23,386
stone_bricks 362,363,364,365
stone_buttons 712,713
stone_crafting_materials 35,1292,9
stone_tool_materials 35,1292,9
strider_food 250
strider_tempt_items 250,807
swords 878,863,868,883,858,873
terracotta 492,457,458,459,460,461,462,463,464,465,466,467,468,469,470,471,472
trapdoors 768,766,770,771,767,764,765,774,775,772,773,769,763,776,777,778,779,780,781,782,783
trim_materials 849,853,845,846,855,851,847,856,848,687,1178
trimmable_armor 899,903,915,907,911,919,898,902,914,906,910,918,897,901,913,905,909,917,896,900,912,904,908,916,834
turtle_food 211
villager_picks_up 893,1160,1159,1218,1215,1216,895,894,1217
villager_plantable_seeds 893,1160,1159,1218,1215,1216
walls 427,428,429,430,431,432,433,434,436,437,438,439,440,441,442,444,443,445,446,448,447,435,15,20,24,388
warped_stems 146,158,181,169
wart_blocks 547,548
wither_skeleton_disliked_weapons 841,1254
wolf_food 1048,1050,1049,1051,1195,922,1182,1194,921,1181,1052,995,999,996,1000,997,998,1183
wooden_buttons 714,715,716,717,718,720,721,724,725,722,723,719
wooden_doors 743,744,745,746,747,749,750,753,754,751,752,748
wooden_fences 332,336,338,339,333,334,335,342,343,340,341,337
wooden_pressure_plates 730,731,732,733,734,736,737,740,741,738,739,735
wooden_slabs 270,271,272,273,274,276,277,281,282,278,279,275
wooden_stairs 412,413,414,415,416,418,419,423,424,420,421,417
wooden_tool_materials 36,37,38,39,40,42,43,46,47,44,45,41
wooden_trapdoors 768,766,770,771,767,764,765,774,775,772,773,769
wool 213,214,215,216,217,218,219,220,221,222,223,224,225,226,227,228
wool_carpets 476,477,478,479,480,481,482,483,484,485,486,487,488,489,490,491
tags painting_variant 1
placeable 23,1,0,2,5,31,46,34,12,36,41,13,45,21,25,8,39,44,38,49,18,32,30,7,37,14,4,22,26,35,43,3,6,9,10,11,16,17,19,24,27,28,29,33,40,42
tags point_of_interest_type 3
acquirable_job_site 0,1,2,3,4,5,6,7,8,9,10,11,12
bee_home 15,16
village 0,1,2,3,4,5,6,7,8,9,10,11,12,13,14
tags worldgen/biome 72
allows_surface_slime_spawns 54,31
allows_tropical_fish_spawns_at_any_height 30
has_closer_water_fog 54,31
has_structure/ancient_city 10
has_structure/bastion_remnant 7,34,49,59
has_structure/buried_treasure 3,45
has_structure/desert_pyramid 14
has_structure/end_city 17,18
has_structure/igloo 48,46,47
has_structure/jungle_temple 1,28
has_structure/mineshaft 11,9,13,12,22,35,6,29,58,41,24,3,45,32,23,27,51,47,5,62,60,61,55,48,37,38,1,28,50,21,20,4,36,8,39,25,52,33,26,63,14,42,46,40,53,54,31,43,15,30
has_structure/mineshaft_mesa 0,19,64
has_structure/nether_fortress 34,49,7,59,2
has_structure/nether_fossil 49
has_structure/ocean_monument 11,9,13,12
has_structure/ocean_ruin_cold 22,6,35,11,9,13
has_structure/ocean_ruin_warm 29,58,12
has_structure/pillager_outpost 14,40,42,46,55,32,23,27,51,47,5,25
has_structure/ruined_portal_desert 14
has_structure/ruined_portal_jungle 1,28,50
has_structure/ruined_portal_mountain 0,19,64,62,60,61,43,63,52,32,23,27,51,47,5
has_structure/ruined_portal_nether 34,49,7,59,2
has_structure/ruined_portal_ocean 11,9,13,12,22,35,6,29,58
has_structure/ruined_portal_standard 3,45,41,24,55,48,37,38,21,20,4,36,8,39,25,33,26,15,30,42,46,40,53
has_structure/ruined_portal_swamp 54,31
has_structure/shipwreck 11,9,13,12,22,35,6,29,58
has_structure/shipwreck_beached 3,45
has_structure/stronghold 33,11,22,9,6,13,35,12,29,58,52,54,31,47,46,45,61,25,62,48,60,55,40,32,3,21,38,20,4,8,39,43,42,28,0,14,64,27,51,24,41,26,37,53,36,50,1,19,63,5,23,15,30,10
has_structure/swamp_hut 54
has_structure/trail_ruins 55,48,37,38,36,28
has_structure/trial_chambers 33,11,22,9,6,13,35,12,29,58,52,54,31,47,46,45,61,25,62,48,60,55,40,32,3,21,38,20,4,8,39,43,42,28,0,14,64,27,51,24,41,26,37,53,36,50,1,19,63,5,23,15,30
has_structure/village_desert 14
has_structure/village_plains 40,32
has_structure/village_savanna 42
has_structure/village_snowy 46
has_structure/village_taiga 55
has_structure/woodland_mansion 8,39
increased_fire_burnout 1,33,31,47,23,27,54,28
is_badlands 0,19,64
is_beach 3,45
is_deep_ocean 11,9,13,12
is_end 56,17,18,44,16
is_forest 21,20,4,36,8,39,25
is_hill 62,60,61
is_jungle 1,28,50
is_mountain 32,23,27,51,47,5
is_nether 34,49,7,59,2
is_ocean 11,9,13,12,22,35,6,29,58
is_overworld 33,11,22,9,6,13,35,12,29,58,52,54,31,47,46,45,61,25,62,48,60,55,40,32,3,21,38,20,4,8,39,43,42,28,0,14,64,27,51,24,41,26,37,53,36,50,1,19,63,5,23,15,30,10
is_river 41,24
is_savanna 42,43,63
is_taiga 55,48,37,38
mineshaft_blocking 10
more_frequent_drowned_spawns 41,24
plays_underwater_music 11,9,13,12,22,35,6,29,58,41,24
polar_bears_spawn_on_alternate_blocks 22,11
produces_corals_from_bonemeal 58
reduce_water_ambient_spawns 41,24
required_ocean_monument_surrounding 11,9,13,12,22,35,6,29,58,41,24
snow_golem_melts 0,2,7,14,19,34,42,43,49,59,63,64
spawns_cold_variant_farm_animals 46,26,23,27,47,22,11,25,10,24,48,45,56,17,18,44,16,6,9,37,38,55,60,61,62,51
spawns_cold_variant_frogs 46,26,23,27,47,22,11,25,10,24,48,45,56,17,18,44,16
spawns_gold_rabbits 14
spawns_snow_foxes 46,26,22,48,24,45,23,27,47,25
spawns_warm_variant_farm_animals 14,58,1,28,50,42,43,63,34,49,7,59,2,0,19,64,31,12,29
spawns_warm_variant_frogs 14,58,1,28,50,42,43,63,34,49,7,59,2,0,19,64,31
spawns_white_rabbits 46,26,22,48,24,45,23,27,47,25
stronghold_biased_to 40,53,46,26,14,21,20,4,8,39,36,37,38,55,48,42,43,62,61,60,63,28,50,1,0,19,64,32,25,47,23,27,51,33,15,30
water_on_map_outlines 11,9,13,12,22,35,6,29,58,41,24,54,31
without_patrol_spawns 33
without_wandering_trader_spawns 57
without_zombie_sieges 33
features 1
vanilla
