registry worldgen/biome 64
badlands
bamboo_jungle
basalt_deltas
beach
birch_forest
cherry_grove
cold_ocean
crimson_forest
dark_forest
deep_cold_ocean
deep_dark
deep_frozen_ocean
deep_lukewarm_ocean
deep_ocean
desert
dripstone_caves
end_barrens
end_highlands
end_midlands
eroded_badlands
flower_forest
forest
frozen_ocean
frozen_peaks
frozen_river
grove
ice_spikes
jagged_peaks
jungle
lukewarm_ocean
lush_caves
mangrove_swamp
meadow
mushroom_fields
nether_wastes
ocean
old_growth_birch_forest
old_growth_pine_taiga
old_growth_spruce_taiga
plains
river
savanna
savanna_plateau
small_end_islands
snowy_beach
snowy_plains
snowy_slopes
snowy_taiga
soul_sand_valley
sparse_jungle
stony_peaks
stony_shore
sunflower_plains
swamp
taiga
the_end
the_void
warm_ocean
warped_forest
windswept_forest
windswept_gravelly_hills
windswept_hills
windswept_savanna
wooded_badlands
registry chat_type 7
chat
emote_command
msg_command_incoming
msg_command_outgoing
say_command
team_msg_command_incoming
team_msg_command_outgoing
registry trim_pattern 18
bolt
coast
dune
eye
flow
host
raiser
rib
sentry
shaper
silence
snout
spire
tide
vex
ward
wayfinder
wild
registry trim_material 10
amethyst
copper
diamond
emerald
gold
iron
lapis
netherite
quartz
redstone
registry wolf_variant 9
ashen
black
chestnut
pale
rusty
snowy
spotted
striped
woods
registry painting_variant 50
alban
aztec
aztec2
backyard
baroque
bomb
bouquet
burning_skull
bust
cavebird
changing
cotan
courbet
creebet
donkey_kong
earth
endboss
fern
fighters
finding
fire
graham
humble
kebab
lowmist
match
meditative
orb
owlemons
passage
pigscene
plant
pointer
pond
pool
prairie_ride
sea
skeleton
skull_and_roses
stage
sunflowers
sunset
tides
unpacked
void
wanderer
wasteland
water
wind
wither
registry dimension_type 4
overworld
overworld_caves
the_end
the_nether
registry damage_type 47
arrow
bad_respawn_point
cactus
campfire
cramming
dragon_breath
drown
dry_out
explosion
fall
falling_anvil
falling_block
falling_stalactite
fireball
fireworks
fly_into_wall
freeze
generic
generic_kill
hot_floor
in_fire
in_wall
indirect_magic
lava
lightning_bolt
magic
mob_attack
mob_attack_no_aggro
mob_projectile
on_fire
out_of_world
outside_border
player_attack
player_explosion
sonic_boom
spit
stalagmite
starve
sting
sweet_berry_bush
thorns
thrown
trident
unattributed_fireball
wind_charge
wither
wither_skull
registry banner_pattern 43
base
border
bricks
circle
creeper
cross
curly_border
diagonal_left
diagonal_right
diagonal_up_left
diagonal_up_right
flow
flower
globe
gradient
gradient_up
guster
half_horizontal
half_horizontal_bottom
half_vertical
half_vertical_right
mojang
piglin
rhombus
skull
small_stripes
square_bottom_left
square_bottom_right
square_top_left
square_top_right
straight_cross
stripe_bottom
stripe_center
stripe_downleft
stripe_downright
stripe_left
stripe_middle
stripe_right
stripe_top
triangle_bottom
triangle_top
triangles_bottom
triangles_top
registry enchantment 42
aqua_affinity
bane_of_arthropods
binding_curse
blast_protection
breach
channeling
density
depth_strider
efficiency
feather_falling
fire_aspect
fire_protection
flame
fortune
frost_walker
impaling
infinity
knockback
looting
loyalty
luck_of_the_sea
lure
mending
multishot
piercing
power
projectile_protection
protection
punch
quick_charge
respiration
riptide
sharpness
silk_touch
smite
soul_speed
sweeping_edge
swift_sneak
thorns
unbreaking
vanishing_curse
wind_burst
registry jukebox_song 19
11
13
5
blocks
cat
chirp
creator
creator_music_box
far
mall
mellohi
otherside
pigstep
precipice
relic
stal
strad
wait
ward
tags banner_pattern 9
no_item_required 26,27,28,29,31,38,35,37,32,36,34,33,25,5,30,39,40,41,42,7,10,9,8,3,23,19,17,20,18,1,6,14,15,2
pattern_item/creeper 4
pattern_item/flow 11
pattern_item/flower 12
pattern_item/globe 13
pattern_item/guster 16
pattern_item/mojang 21
pattern_item/piglin 22
pattern_item/skull 24
tags block 184
acacia_logs 50,70,60,78
air 0,729,730
all_hanging_signs 208,209,210,211,212,213,214,215,216,217,218,219,220,221,222,223,224,225,227,228,226,229
all_signs 186,187,188,189,191,192,828,829,193,194,190,199,200,201,202,204,205,830,831,206,207,203,208,209,210,211,212,213,214,215,216,217,218,219,220,221,222,223,224,225,227,228,226,229
ancient_city_replaceable 1023,1036,1032,1038,1034,1037,1035,1039,1024,1041,1042,137
animals_spawnable_on 8
anvil 408,409,410
armadillo_spawnable_on 8,494,425,429,426,439,437,433,36,10
axolotls_spawnable_on 251
azalea_grows_on 9,8,11,10,323,1021,1016,1022,55,34,36,35,494,425,426,427,428,429,430,431,432,433,434,435,436,437,438,439,440,249,925
azalea_root_replaceable 1,2,4,6,909,1023,9,8,11,10,323,1021,1016,1022,55,494,425,426,427,428,429,430,431,432,433,434,435,436,437,438,439,440,36,251,37,34,249,925
badlands_terracotta 494,425,429,426,439,437,433
bamboo_blocks 56,65
bamboo_plantable_on 34,36,35,9,8,11,10,323,1021,1016,1022,55,727,726,37,38
banners 503,504,505,506,507,508,509,510,511,512,513,514,515,516,517,518,519,520,521,522,523,524,525,526,527,528,529,530,531,532,533,534
base_stone_nether 255,258,849
base_stone_overworld 1,2,4,6,909,1023
beacon_base_blocks 840,347,181,163,164
beds 117,118,114,115,112,110,116,106,111,108,105,104,109,113,103,107
bee_growables 601,383,384,183,316,315,598,599,788,1009,1010
beehives 836,837
big_dripleaf_placeable 251,1016,9,8,11,10,323,1021,1022,55,184
birch_logs 48,68,58,76
blocks_wind_charge_explosions 464,31
buttons 385,386,387,388,389,391,824,825,392,393,390,246,864
camel_sand_step_sound_blocks 34,36,35,662,663,664,665,666,667,668,669,670,671,672,673,674,675,676,677
campfires 786,787
candle_cakes 886,887,888,889,890,891,892,893,894,895,896,897,898,899,900,901,902
candles 869,870,871,872,873,874,875,876,877,878,879,880,881,882,883,884,885
cauldrons 331,332,333,334
cave_vines 1010,1009
ceiling_hanging_signs 208,209,210,211,212,213,214,215,216,217,218
cherry_logs 51,71,61,79
climbable 196,317,772,805,806,807,808,1009,1010
coal_ores 43,44
combination_step_sound_blocks 478,479,480,481,482,483,484,485,486,487,488,489,490,491,492,493,1014,247,797,796,809
completes_find_tree_tutorial 52,72,62,80,46,66,63,74,50,70,60,78,48,68,58,76,49,69,59,77,47,67,57,75,53,73,64,81,51,71,61,79,798,799,800,801,789,790,791,792,85,82,83,88,86,84,90,91,89,87,608,795
concrete_powder 662,663,664,665,666,667,668,669,670,671,672,673,674,675,676,677
convertable_to_mud 9,10,1021
copper_ores 936,937
coral_blocks 688,689,690,691,692
coral_plants 698,699,700,701,702
corals 698,699,700,701,702,708,709,710,711,712
crimson_stems 798,799,800,801
crops 601,383,384,183,316,315,598,599
crystal_sound_blocks 903,904
dampens_vibrations 130,131,132,133,134,135,136,137,138,139,140,141,142,143,144,145,478,479,480,481,482,483,484,485,486,487,488,489,490,491,492,493
dark_oak_logs 52,72,62,80
dead_bush_may_place_on 34,36,35,494,425,426,427,428,429,430,431,432,433,434,435,436,437,438,439,440,9,8,11,10,323,1021,1016,1022,55
deepslate_ore_replaceables 1023,909
diamond_ores 179,180
dirt 9,8,11,10,323,1021,1016,1022,55
does_not_block_hoppers 836,837
doors 195,583,584,585,586,588,826,827,589,590,587,974,975,977,976,978,979,981,980,232
dragon_immune 464,31,335,336,603,351,604,605,832,833,146,170,842,337,308,843,1054
dragon_transparent 465,173,174
dripstone_replaceable_blocks 1,2,4,6,909,1023
emerald_ores 342,343
enchantment_power_provider 167
enchantment_power_transmitter 0,32,33,123,124,125,126,127,173,174,247,317,318,465,501,502,611,729,730,731,796,797,809,1020
enderman_holdable 147,149,150,151,152,153,154,155,156,157,158,160,159,148,9,8,11,10,323,1021,1016,1022,55,34,36,37,161,162,166,250,251,311,264,312,803,802,809,794,793,796
fall_damage_resetting 196,317,772,805,806,807,808,1009,1010,788,122
features_cannot_replace 31,175,177,336,1054,1057,1058
fence_gates 570,568,572,569,319,567,820,821,573,574,571
fences 254,578,580,575,576,577,816,817,581,582,579,326
fire 173,174
flower_pots 355,367,368,369,370,371,372,373,374,375,366,357,358,359,360,361,363,379,380,381,365,382,376,377,378,728,844,845,846,847,1048,1049,364,362,356
flowers 147,149,150,151,152,153,154,155,156,157,158,160,159,148,497,498,500,499,600,91,1013,30,87,1015,593,1011
foxes_spawnable_on 8,247,249,11,10
frog_prefer_jump_to 324,1017
frogs_spawnable_on 8,1022,54,55
geode_invalid_blocks 31,32,33,248,496,724
goats_spawnable_on 8,1,247,249,496,37
gold_ores 39,45,40
guarded_by_piglins 163,774,177,344,860,411,1047,613,629,625,626,623,621,627,617,622,619,616,615,620,624,628,614,618,39,45,40
hoglin_repellents 794,845,263,843
ice 248,496,724,606
impermeable 94,268,269,270,271,272,273,274,275,276,277,278,279,280,281,282,283,924
incorrect_for_diamond_tool 
incorrect_for_gold_tool 170,842,840,843,841,181,179,180,342,343,347,163,1047,39,40,242,243,164,1045,41,42,97,95,96,932,1046,936,937,957,953,941,934,955,951,939,935,954,950,938,933,956,952,940,958,973,969,965,959,971,967,963,960,972,968,964,961,970,966,962,1006,1056,945,944,943,942,949,948,947,946,990,991,992,993,994,995,996,997,998,999,1000,1001,1002,1003,1004,1005,982,983,985,984,986,987,989,988,974,975,977,976,978,979,981,980
incorrect_for_iron_tool 170,842,840,843,841
incorrect_for_netherite_tool 
incorrect_for_stone_tool 170,842,840,843,841,181,179,180,342,343,347,163,1047,39,40,242,243
incorrect_for_wooden_tool 170,842,840,843,841,181,179,180,342,343,347,163,1047,39,40,242,243,164,1045,41,42,97,95,96,932,1046,936,937,957,953,941,934,955,951,939,935,954,950,938,933,956,952,940,958,973,969,965,959,971,967,963,960,972,968,964,961,970,966,962,1006,1056,945,944,943,942,949,948,947,946,990,991,992,993,994,995,996,997,998,999,1000,1001,1002,1003,1004,1005,982,983,985,984,986,987,989,988,974,975,977,976,978,979,981,980
infiniburn_end 255,607,31
infiniburn_nether 255,607
infiniburn_overworld 255,607
inside_step_sound_blocks 925,929,318,324,908,1015
invalid_spawn_inside 335,603
iron_ores 41,42
jungle_logs 49,69,59,77
lapis_ores 95,96
lava_pool_stone_cannot_replace 31,175,177,336,1054,1057,1058,85,82,83,88,86,84,90,91,89,87,52,72,62,80,46,66,63,74,50,70,60,78,48,68,58,76,49,69,59,77,47,67,57,75,53,73,64,81,51,71,61,79,798,799,800,801,789,790,791,792
leaves 85,82,83,88,86,84,90,91,89,87
logs 52,72,62,80,46,66,63,74,50,70,60,78,48,68,58,76,49,69,59,77,47,67,57,75,53,73,64,81,51,71,61,79,798,799,800,801,789,790,791,792
logs_that_burn 52,72,62,80,46,66,63,74,50,70,60,78,48,68,58,76,49,69,59,77,47,67,57,75,53,73,64,81,51,71,61,79
lush_ground_replaceable 1,2,4,6,909,1023,1010,1009,9,8,11,10,323,1021,1016,1022,55,251,37,34
maintains_farmland 315,313,316,314,601,383,384,598,148,599,183
mangrove_logs 53,73,64,81
mangrove_logs_can_grow_through 1022,55,54,89,53,30,1014,317
mangrove_roots_can_grow_through 1022,55,54,1014,317,30,247
mineable/axe 102,314,313,1012,727,774,836,837,601,1018,1017,167,305,161,786,383,777,264,1010,1009,177,593,592,340,834,182,803,415,125,124,778,318,123,1020,265,253,196,502,780,324,773,316,312,307,328,384,315,311,306,162,772,1019,781,787,1011,252,788,501,411,808,807,317,794,806,805,183,503,504,505,506,507,508,509,510,511,512,513,514,515,516,517,518,519,520,521,522,523,524,525,526,527,528,529,530,531,532,533,534,570,568,572,569,319,567,820,821,573,574,571,52,72,62,80,46,66,63,74,50,70,60,78,48,68,58,76,49,69,59,77,47,67,57,75,53,73,64,81,51,71,61,79,798,799,800,801,789,790,791,792,13,14,15,16,17,19,810,811,20,21,18,23,24,25,26,27,29,1013,30,28,186,187,188,189,191,192,828,829,193,194,190,199,200,201,202,204,205,830,831,206,207,203,385,386,387,388,389,391,824,825,392,393,390,195,583,584,585,586,588,826,827,589,590,587,254,578,580,575,576,577,816,817,581,582,579,233,234,235,236,237,239,814,815,240,241,238,539,540,541,542,543,545,812,813,546,547,544,176,348,349,350,457,459,822,823,460,461,458,288,286,290,287,284,285,818,819,291,292,289,54,208,209,210,211,212,213,214,215,216,217,218,219,220,221,222,223,224,225,227,228,226,229,22,548,462,56,65,168
mineable/hoe 608,795,477,680,835,804,92,93,85,82,83,88,86,84,90,91,89,926,927,1016,1014,928,930,929,931,1015,87
mineable/pickaxe 1,2,3,4,5,6,7,12,39,40,41,42,43,44,45,95,96,97,98,99,100,101,163,164,165,169,170,175,179,180,181,185,198,231,232,242,243,255,258,259,293,294,295,296,308,309,320,321,325,326,327,329,330,337,341,342,343,344,347,412,413,416,417,418,419,420,421,422,424,425,426,427,428,429,430,431,432,433,434,435,436,437,438,439,440,466,467,468,469,470,471,472,473,474,475,494,495,535,536,537,538,549,550,551,552,553,554,555,556,558,559,560,561,562,563,564,565,566,594,595,596,597,607,609,610,612,630,631,632,633,634,635,636,637,638,639,640,641,642,643,644,645,646,647,648,649,650,651,652,653,654,655,656,657,658,659,660,661,683,684,685,686,687,688,689,690,691,692,693,694,695,696,697,703,704,705,706,707,713,714,715,716,717,732,733,734,735,736,737,738,739,740,741,742,743,744,745,746,747,748,749,750,751,752,753,754,755,756,757,758,775,776,779,782,783,784,785,793,802,840,841,842,843,848,849,850,852,853,854,855,856,857,858,860,861,862,863,866,867,868,909,923,935,934,933,932,936,937,938,939,940,941,950,951,952,953,954,955,956,957,958,959,960,961,962,963,964,965,966,967,968,969,970,971,972,973,1006,1007,1008,1023,1024,1025,1026,1028,1029,1030,1032,1033,1034,1036,1037,1038,1040,1041,1042,1044,1045,1046,1047,248,496,724,128,121,129,905,908,907,906,903,904,300,304,303,1043,299,302,301,246,864,353,354,759,760,761,762,763,764,766,767,768,769,770,771,851,859,865,1027,1031,1035,1039,765,912,916,921,613,629,625,626,623,621,627,617,622,619,616,615,620,624,628,614,618,408,409,410,331,332,333,334,197,119,120,423,725,298,322,557,297,1056,910,911,917,913,914,915,918,919,920,922,945,944,943,942,949,948,947,946,990,991,992,993,994,995,996,997,998,999,1000,1001,1002,1003,1004,1005,974,975,977,976,978,979,981,980,982,983,985,984,986,987,989,988,1059
mineable/shovel 251,9,10,11,184,8,37,323,34,36,249,247,256,602,257,1021,55,1022,35,38,662,663,664,665,666,667,668,669,670,671,672,673,674,675,676,677
mob_interactable_doors 195,583,584,585,586,588,826,827,589,590,587,974,975,977,976,978,979,981,980
mooshrooms_spawnable_on 323
moss_replaceable 1,2,4,6,909,1023,1010,1009,9,8,11,10,323,1021,1016,1022,55
mushroom_grow_block 323,11,802,793
needs_diamond_tool 170,842,840,843,841
needs_iron_tool 181,179,180,342,343,347,163,1047,39,40,242,243
needs_stone_tool 164,1045,41,42,97,95,96,932,1046,936,937,957,953,941,934,955,951,939,935,954,950,938,933,956,952,940,958,973,969,965,959,971,967,963,960,972,968,964,961,970,966,962,1006,1056,945,944,943,942,949,948,947,946,990,991,992,993,994,995,996,997,998,999,1000,1001,1002,1003,1004,1005,982,983,985,984,986,987,989,988,974,975,977,976,978,979,981,980
nether_carver_replaceables 1,2,4,6,909,1023,255,258,849,9,8,11,10,323,1021,1016,1022,55,802,793,608,795,256,257
nylium 802,793
oak_logs 46,66,63,74
occludes_vibration_signals 130,131,132,133,134,135,136,137,138,139,140,141,142,143,144,145
overworld_carver_replaceables 1,2,4,6,909,1023,9,8,11,10,323,1021,1016,1022,55,34,36,35,494,425,426,427,428,429,430,431,432,433,434,435,436,437,438,439,440,41,42,936,937,32,37,38,99,535,923,247,496,1045,1046
overworld_natural_logs 50,48,46,49,47,52,53,51
parrots_spawnable_on 8,0,85,82,83,88,86,84,90,91,89,87,52,72,62,80,46,66,63,74,50,70,60,78,48,68,58,76,49,69,59,77,47,67,57,75,53,73,64,81,51,71,61,79,798,799,800,801,789,790,791,792
piglin_repellents 174,260,785,261,787
planks 13,14,15,16,17,19,810,811,20,21,18
polar_bears_spawnable_on_alternate 248
portals 263,335,603
pressure_plates 412,413,233,234,235,236,237,239,814,815,240,241,238,231,863
prevent_mob_spawning_inside 197,119,120,423
rabbits_spawnable_on 8,247,249,34
rails 197,119,120,423
redstone_ores 242,243
replaceable 0,32,33,123,124,125,126,127,173,174,247,317,318,465,501,502,611,729,730,731,796,797,809,1020
replaceable_by_trees 85,82,83,88,86,84,90,91,89,87,123,124,125,317,318,497,498,499,500,501,502,1020,600,32,126,127,796,797,809
sand 34,36,35
saplings 23,24,25,26,27,29,1012,1013,30,28
sculk_replaceable 1,2,4,6,909,1023,9,8,11,10,323,1021,1016,1022,55,494,425,426,427,428,429,430,431,432,433,434,435,436,437,438,439,440,802,793,255,258,849,34,36,37,256,257,923,1044,251,1008,337,535,99
sculk_replaceable_world_gen 1,2,4,6,909,1023,9,8,11,10,323,1021,1016,1022,55,494,425,426,427,428,429,430,431,432,433,434,435,436,437,438,439,440,802,793,255,258,849,34,36,37,256,257,923,1044,251,1008,337,535,99,1036,1032,1024,1041,1042,1028
shulker_boxes 613,629,625,626,623,621,627,617,622,619,616,615,620,624,628,614,618
signs 186,187,188,189,191,192,828,829,193,194,190,199,200,201,202,204,205,830,831,206,207,203
slabs 539,540,541,542,543,545,812,813,546,547,544,548,549,550,556,551,562,559,560,555,554,558,553,473,474,475,746,747,748,749,750,751,752,753,754,755,756,757,758,552,561,852,857,862,1026,1030,1034,1038,971,972,973,954,955,956,957,970,557,910,914,919
small_dripleaf_placeable 251,1016
small_flowers 147,149,150,151,152,153,154,155,156,157,158,160,159,148
smelts_to_glass 34,36
snaps_goat_horn 50,48,46,49,47,52,53,51,1,496,41,43,936,342
sniffer_diggable_block 9,8,11,10,1021,1016,1022,55
sniffer_egg_hatch_boost 1016
snow 247,249,925
snow_layer_can_survive_on 838,256,1022
snow_layer_cannot_survive_on 248,496,464
soul_fire_base_blocks 256,257
soul_speed_blocks 256,257
spruce_logs 47,67,57,75
stairs 176,348,349,350,457,459,822,823,460,461,458,462,198,341,327,321,320,596,422,538,471,470,472,732,733,734,735,736,737,738,739,740,741,742,743,744,745,850,858,861,1025,1029,1033,1037,950,951,952,953,967,968,969,966,322,911,915,920
standing_signs 186,187,188,189,191,192,828,829,193,194,190
stone_bricks 293,294,295,296
stone_buttons 246,864
stone_ore_replaceables 1,2,4,6
stone_pressure_plates 231,863
strider_warm_blocks 33
sword_efficient 85,82,83,88,86,84,90,91,89,87,23,24,25,26,27,29,1012,1013,30,28,147,149,150,151,152,153,154,155,156,157,158,160,159,148,601,383,384,183,316,315,598,599,123,124,125,317,318,497,498,499,500,501,502,1020,600,161,162,252,311,264,265,312,313,314,324,340,788,1009,1010,1011,1014,1015,1017,1018,1019,328,794,796,797,803,805,806,807,808,809,592,593
tall_flowers 497,498,500,499,600
terracotta 494,425,426,427,428,429,430,431,432,433,434,435,436,437,438,439,440
trail_ruins_replaceable 37
trapdoors 288,286,290,287,284,285,818,819,291,292,289,466,982,983,985,984,986,987,989,988
underwater_bonemeals 126,698,699,700,701,702,708,709,710,711,712,718,719,720,721,722
unstable_bottom_center 570,568,572,569,319,567,820,821,573,574,571
valid_spawn 8,11
vibration_resonators 903
wall_corals 718,719,720,721,722
wall_hanging_signs 219,220,221,222,223,224,225,227,228,226,229
wall_post_override 171,260,244,346,186,187,188,189,191,192,828,829,193,194,190,199,200,201,202,204,205,830,831,206,207,203,503,504,505,506,507,508,509,510,511,512,513,514,515,516,517,518,519,520,521,522,523,524,525,526,527,528,529,530,531,532,533,534,412,413,233,234,235,236,237,239,814,815,240,241,238,231,863
wall_signs 199,200,201,202,204,205,830,831,206,207,203
walls 353,354,759,760,761,762,763,764,766,767,768,769,770,771,851,859,865,1027,1031,1035,1039,765,912,916,921
warped_stems 789,790,791,792
wart_blocks 608,795
wither_immune 464,31,335,336,603,351,604,605,832,833,146,465,1054
wither_summon_base_blocks 256,257
wolves_spawnable_on 8,247,249,10,11
wooden_buttons 385,386,387,388,389,391,824,825,392,393,390
wooden_doors 195,583,584,585,586,588,826,827,589,590,587
wooden_fences 254,578,580,575,576,577,816,817,581,582,579
wooden_pressure_plates 233,234,235,236,237,239,814,815,240,241,238
wooden_slabs 539,540,541,542,543,545,812,813,546,547,544
wooden_stairs 176,348,349,350,457,459,822,823,460,461,458
wooden_trapdoors 288,286,290,287,284,285,818,819,291,292,289
wool 130,131,132,133,134,135,136,137,138,139,140,141,142,143,144,145
wool_carpets 478,479,480,481,482,483,484,485,486,487,488,489,490,491,492,493
tags cat_variant 2
default_spawns 0,1,2,3,4,5,6,7,8,9
full_moon_spawns 0,1,2,3,4,5,6,7,8,9,10
tags damage_type 32
always_hurts_ender_dragons 14,8,33,1
always_kills_armor_stands 0,42,13,46,44
always_most_significant_fall 30
always_triggers_silverfish 25
avoids_guardian_thorns 25,40,14,8,33,1
burn_from_stepping 3,19
burns_armor_stands 29
bypasses_armor 29,21,4,6,15,17,45,5,37,9,16,36,25,22,30,18,34,31
bypasses_effects 37
bypasses_enchantments 34
bypasses_invulnerability 30,18
bypasses_resistance 30,18
bypasses_shield 29,21,4,6,15,17,45,5,37,9,16,36,25,22,30,18,34,31,10,12
bypasses_wolf_armor 30,18,4,6,7,16,21,22,25,31,37,40,45
can_break_armor_stand 32,33
damages_helmet 10,11,12
ignites_armor_stands 20,3
is_drowning 6
is_explosion 14,8,33,1
is_fall 9,36
is_fire 20,3,29,23,19,43,13
is_freezing 16
is_lightning 24
is_player_attack 32
is_projectile 0,42,28,43,13,46,41,44
no_anger 27
no_impact 6
no_knockback 8,33,1,20,24,29,23,19,21,4,6,37,2,9,15,30,17,25,45,5,7,39,16,36,31,18,3
panic_causes 2,16,19,20,23,24,29,0,5,8,13,14,22,25,26,28,32,33,34,38,41,42,43,44,45,46
panic_environmental_causes 2,16,19,20,23,24,29
witch_resistant_to 25,22,34,40
wither_immune_to 6
tags enchantment 22
curse 2,40
double_trade_price 2,40,37,35,14,22,41
exclusive_set/armor 27,3,11,26
exclusive_set/boots 14,7
exclusive_set/bow 16,22
exclusive_set/crossbow 23,24
exclusive_set/damage 32,34,1,15,6,4
exclusive_set/mining 13,33
exclusive_set/riptide 19,5
in_enchanting_table 27,11,9,3,26,30,0,38,7,32,34,1,17,10,18,36,8,33,39,13,25,28,12,16,20,21,19,15,31,5,23,29,24,6,4
non_treasure 27,11,9,3,26,30,0,38,7,32,34,1,17,10,18,36,8,33,39,13,25,28,12,16,20,21,19,15,31,5,23,29,24,6,4
on_mob_spawn_equipment 27,11,9,3,26,30,0,38,7,32,34,1,17,10,18,36,8,33,39,13,25,28,12,16,20,21,19,15,31,5,23,29,24,6,4
on_random_loot 27,11,9,3,26,30,0,38,7,32,34,1,17,10,18,36,8,33,39,13,25,28,12,16,20,21,19,15,31,5,23,29,24,6,4,2,40,14,22
on_traded_equipment 27,11,9,3,26,30,0,38,7,32,34,1,17,10,18,36,8,33,39,13,25,28,12,16,20,21,19,15,31,5,23,29,24,6,4
prevents_bee_spawns_when_mining 33
prevents_decorated_pot_shattering 33
prevents_ice_melting 33
prevents_infested_spawns 33
smelts_loot 10
tooltip_order 2,40,31,5,41,14,32,34,1,15,25,6,4,24,36,23,10,12,17,28,27,3,11,26,9,13,18,33,20,8,29,21,30,0,35,37,7,38,19,39,16,22
tradeable 27,11,9,3,26,30,0,38,7,32,34,1,17,10,18,36,8,33,39,13,25,28,12,16,20,21,19,15,31,5,23,29,24,6,4,2,40,14,22
treasure 2,40,37,35,14,22,41
tags entity_type 34
aquatic 111,5,50,29,20,83,86,110,24,101,48,104
arrows 4,99
arthropod 7,34,90,100,16
axolotl_always_hostiles 27,50,29
axolotl_hunt_targets 110,83,86,20,101,48,104
beehive_inhabitors 7
can_breathe_under_water 91,102,120,92,11,125,124,126,127,123,27,54,119,76,5,43,50,29,111,48,20,83,86,101,110,104,3
can_turn_in_boats 12
deflects_projectiles 12
dismounts_underwater 14,19,25,53,65,71,77,85,100,103,108,125
fall_damage_immune 57,96,88,0,6,7,8,15,19,45,76,67,72,75,119,12
freeze_hurts_extra_types 103,8,67
freeze_immune_entity_types 102,81,96,119
frog_food 93,67
ignores_poison_and_regen 91,102,120,92,11,125,124,126,127,123,27,54,119,76
illager 35,55,80,114
illager_friends 35,55,80,114
immune_to_infested 90
immune_to_oozing 93
impact_projectiles 4,99,41,97,62,94,28,109,26,121,117,13
inverted_healing_and_harm 91,102,120,92,11,125,124,126,127,123,27,54,119,76
no_anger_from_wind_charge 12,91,11,102,124,54,100,16,93
non_controlling_rider 93,67
not_scary_for_pufferfish 111,50,29,20,83,86,110,24,101,48,104
powder_snow_walkable_mobs 84,34,90,42
raiders 35,80,85,114,55,118
redirectable_projectile 62,117,13
sensitive_to_bane_of_arthropods 7,34,90,100,16
sensitive_to_impaling 111,5,50,29,20,83,86,110,24,101,48,104
sensitive_to_smite 91,102,120,92,11,125,124,126,127,123,27,54,119,76
skeletons 91,102,120,92,11
undead 91,102,120,92,11,125,124,126,127,123,27,54,119,76
wither_friends 91,102,120,92,11,125,124,126,127,123,27,54,119,76
zombies 125,124,126,127,123,27,54
tags fluid 2
lava 4,3
water 2,1
tags game_event 5
allay_can_listen 33
ignore_vibrations_sneaking 26,36,41,42,29,28
shrieker_can_listen 37
vibrations 1,2,3,5,6,7,8,0,4,9,10,11,12,13,14,15,16,17,18,19,20,21,22,24,25,26,27,28,32,33,34,35,36,38,40,41,42,43,44,45,46,47,48,49,50,51,52,53,54,55,56,57,58,59,23
warden_can_listen 1,2,3,5,6,7,8,0,4,9,10,11,12,13,14,15,16,17,18,19,20,21,22,24,25,26,27,28,32,33,34,35,36,38,40,41,42,43,44,45,46,47,48,49,50,51,52,53,54,55,56,57,58,59,39,37
tags instrument 3
goat_horns 0,1,2,3,4,5,6,7
regular_goat_horns 0,1,2,3
screaming_goat_horns 4,5,6,7
tags item 147
acacia_logs 136,170,149,159
anvil 419,420,421
armadillo_food 1000
arrows 802,1160,1159
axes 841,826,831,846,821,836
axolotl_food 918
bamboo_blocks 144,165
banners 1133,1134,1135,1136,1137,1138,1139,1140,1141,1142,1143,1144,1145,1146,1147,1148
beacon_payment_items 816,806,805,815,811
beds 978,979,975,976,973,971,977,967,972,969,966,965,970,974,964,968
bee_food 218,219,220,221,222,223,224,225,226,227,228,229,230,231,465,466,468,467,232,185,198,55,181,246,294,233
birch_logs 134,168,147,157
boats 774,776,778,780,782,786,788,790,784,775,777,779,781,783,787,789,791,785
bookshelf_books 925,1092,1114,1091,1166
breaks_decorated_pots 838,823,828,843,818,833,841,826,831,846,821,836,840,825,830,845,820,835,839,824,829,844,819,834,842,827,832,847,822,837,1188,1093
buttons 684,685,686,687,688,690,693,694,691,692,689,682,683
camel_food 308
candles 1241,1242,1243,1244,1245,1246,1247,1248,1249,1250,1251,1252,1253,1254,1255,1256,1257
cat_food 935,936
cherry_logs 137,171,150,160
chest_armor 857,861,873,865,869,877
chest_boats 775,777,779,781,783,787,789,791,785
chicken_food 853,987,986,1155,1152,1153
cluster_max_harvestables 840,830,835,845,825,820
coal_ores 62,63
coals 803,804
compasses 928,929
completes_find_tree_tutorial 138,172,151,161,132,166,145,155,136,170,149,159,134,168,147,157,135,169,148,158,133,167,146,156,139,173,152,162,137,171,150,160,142,153,174,163,143,154,175,164,179,176,177,182,180,178,184,185,183,181,517,518
copper_ores 66,67
cow_food 854
creeper_drop_music_discs 1168,1169,1170,1171,1174,1175,1176,1177,1178,1179,1180,1181
creeper_igniters 798,1089
crimson_stems 142,153,174,163
dampens_vibrations 202,203,204,205,206,207,208,209,210,211,212,213,214,215,216,217,446,447,448,449,450,451,452,453,454,455,456,457,458,459,460,461
dark_oak_logs 138,172,151,161
decorated_pot_ingredients 921,1288,1289,1290,1291,1292,1293,1294,1295,1297,1299,1300,1301,1302,1303,1304,1305,1307,1308,1309,1310,1296,1298,1306
decorated_pot_sherds 1288,1289,1290,1291,1292,1293,1294,1295,1297,1299,1300,1301,1302,1303,1304,1305,1307,1308,1309,1310,1296,1298,1306
diamond_ores 76,77
dirt 28,27,30,29,364,31,247,32,141
doors 711,712,713,714,715,717,720,721,718,719,716,722,723,724,725,726,727,728,729,710
dyeable 856,857,858,859,1127,797
emerald_ores 72,73
enchantable/armor 859,863,875,867,871,879,858,862,874,866,870,878,857,861,873,865,869,877,856,860,872,864,868,876,794
enchantable/bow 801
enchantable/chest_armor 857,861,873,865,869,877
enchantable/crossbow 1192
enchantable/durability 859,863,875,867,871,879,858,862,874,866,870,878,857,861,873,865,869,877,856,860,872,864,868,876,794,773,1162,838,823,828,843,818,833,841,826,831,846,821,836,840,825,830,845,820,835,839,824,829,844,819,834,842,827,832,847,822,837,801,1192,1188,798,983,1268,931,771,772,1093
enchantable/equippable 859,863,875,867,871,879,858,862,874,866,870,878,857,861,873,865,869,877,856,860,872,864,868,876,794,773,1105,1107,1106,1103,1104,1108,1109,323
enchantable/fire_aspect 838,823,828,843,818,833,1093
enchantable/fishing 931
enchantable/foot_armor 859,863,875,867,871,879
enchantable/head_armor 856,860,872,864,868,876,794
enchantable/leg_armor 858,862,874,866,870,878
enchantable/mace 1093
enchantable/mining 841,826,831,846,821,836,840,825,830,845,820,835,839,824,829,844,819,834,842,827,832,847,822,837,983
enchantable/mining_loot 841,826,831,846,821,836,840,825,830,845,820,835,839,824,829,844,819,834,842,827,832,847,822,837
enchantable/sharp_weapon 838,823,828,843,818,833,841,826,831,846,821,836
enchantable/sword 838,823,828,843,818,833
enchantable/trident 1188
enchantable/vanishing 859,863,875,867,871,879,858,862,874,866,870,878,857,861,873,865,869,877,856,860,872,864,868,876,794,773,1162,838,823,828,843,818,833,841,826,831,846,821,836,840,825,830,845,820,835,839,824,829,844,819,834,842,827,832,847,822,837,801,1192,1188,798,983,1268,931,771,772,1093,928,323,1105,1107,1106,1103,1104,1108,1109
enchantable/weapon 838,823,828,843,818,833,841,826,831,846,821,836,1093
fence_gates 754,752,756,753,750,751,759,760,757,758,755
fences 311,315,317,312,313,314,320,321,318,319,316,369
fishes 935,939,936,940,938,937
flowers 218,219,220,221,222,223,224,225,226,227,228,229,230,231,465,466,468,467,232,185,198,55,181,246,294,233
foot_armor 859,863,875,867,871,879
fox_food 1216,1217
freeze_immune_wearables 859,858,857,856,1127
frog_food 926
goat_food 854
gold_ores 68,78,69
hanging_signs 897,898,899,901,902,900,903,906,907,904,905
head_armor 856,860,872,864,868,876,794
hoes 842,827,832,847,822,837
hoglin_food 236
horse_food 854,962,445,800,1102,884,885
horse_tempt_items 1102,884,885
ignored_by_piglin_babies 913
iron_ores 64,65
jungle_logs 135,169,148,158
lapis_ores 74,75
leaves 179,176,177,182,180,178,184,185,183,181
lectern_books 1092,1091
leg_armor 858,862,874,866,870,878
llama_food 854,445
llama_tempt_items 445
logs 138,172,151,161,132,166,145,155,136,170,149,159,134,168,147,157,135,169,148,158,133,167,146,156,139,173,152,162,137,171,150,160,142,153,174,163,143,154,175,164
logs_that_burn 138,172,151,161,132,166,145,155,136,170,149,159,134,168,147,157,135,169,148,158,133,167,146,156,139,173,152,162,137,171,150,160
mangrove_logs 139,173,152,162
meat 988,990,989,991,1132,882,1119,1131,881,1118,992
non_flammable_wood 143,154,175,164,142,153,174,163,45,46,262,263,708,709,320,321,740,741,759,760,393,394,693,694,720,721,895,896,907,906
noteblock_top_instruments 1106,1103,1107,1108,1104,1109,1105
oak_logs 132,166,145,155
ocelot_food 935,936
panda_food 251
parrot_food 853,987,986,1155,1152,1153
parrot_poisonous_food 980
pickaxes 840,825,830,845,820,835
pig_food 1097,1098,1154
piglin_food 881,882
piglin_loved 68,78,69,90,1231,697,815,1213,932,1102,1007,884,885,872,873,874,875,1125,828,830,829,831,832,814,84
piglin_repellents 331,1215,1219
planks 36,37,38,39,40,42,45,46,43,44,41
rabbit_food 1097,1102,218
rails 763,761,762,764
redstone_ores 70,71
sand 57,60,58
saplings 48,49,50,51,52,54,197,198,55,53
sheep_food 854
shovels 839,824,829,844,819,834
signs 886,887,888,890,889,892,895,896,893,894,891
skulls 1105,1107,1106,1103,1104,1108,1109
slabs 252,253,254,255,256,258,262,263,259,260,257,261,264,265,271,266,277,274,275,270,269,273,268,278,279,280,639,640,641,642,643,644,645,646,647,648,649,650,651,267,276,1229,1237,1233,652,653,655,654,130,129,128,111,110,109,108,131,272,13,18,22
small_flowers 218,219,220,221,222,223,224,225,226,227,228,229,230,231
smelts_to_glass 57,60
sniffer_food 1152
soul_fire_base_blocks 326,327
spruce_logs 133,167,146,156
stairs 383,384,385,386,387,389,393,394,390,391,388,392,304,380,370,362,361,297,426,513,507,506,508,621,622,623,624,625,626,627,628,629,630,631,632,633,634,1230,1238,1234,635,636,638,637,107,106,105,104,126,125,124,127,363,14,19,23
stone_bricks 340,341,342,343
stone_buttons 682,683
stone_crafting_materials 35,1228,9
stone_tool_materials 35,1228,9
strider_food 237
strider_tempt_items 237,772
swords 838,823,828,843,818,833
tall_flowers 465,466,468,467,232
terracotta 462,427,428,429,430,431,432,433,434,435,436,437,438,439,440,441,442
trapdoors 735,733,737,734,731,732,740,741,738,739,736,730,742,743,744,745,746,747,748,749
trim_materials 811,813,815,807,806,805,816,657,808,809
trim_templates 1274,1280,1272,1275,1271,1273,1279,1277,1270,1276,1278,1281,1282,1283,1284,1285,1286,1287
trimmable_armor 859,863,875,867,871,879,858,862,874,866,870,878,857,861,873,865,869,877,856,860,872,864,868,876,794
turtle_food 200
villager_plantable_seeds 853,1098,1097,1155,1152,1153
walls 397,398,399,400,401,402,403,404,406,407,408,409,410,411,412,414,413,415,416,418,417,405,15,20,24
warped_stems 143,154,175,164
wart_blocks 517,518
wolf_food 988,990,989,991,1132,882,1119,1131,881,1118,992
wooden_buttons 684,685,686,687,688,690,693,694,691,692,689
wooden_doors 711,712,713,714,715,717,720,721,718,719,716
wooden_fences 311,315,317,312,313,314,320,321,318,319,316
wooden_pressure_plates 699,700,701,702,703,705,708,709,706,707,704
wooden_slabs 252,253,254,255,256,258,262,263,259,260,257
wooden_stairs 383,384,385,386,387,389,393,394,390,391,388
wooden_trapdoors 735,733,737,734,731,732,740,741,738,739,736
wool 202,203,204,205,206,207,208,209,210,211,212,213,214,215,216,217
wool_carpets 446,447,448,449,450,451,452,453,454,455,456,457,458,459,460,461
tags painting_variant 1
placeable 23,1,0,2,5,31,46,34,12,36,41,13,45,21,25,8,39,44,38,49,18,32,30,7,37,14,4,22,26,35,43,3,6,9,10,11,16,17,19,24,27,28,29,33,40,42
tags point_of_interest_type 3
acquirable_job_site 0,1,2,3,4,5,6,7,8,9,10,11,12
bee_home 15,16
village 0,1,2,3,4,5,6,7,8,9,10,11,12,13,14
tags worldgen/biome 70
allows_surface_slime_spawns 53,31
allows_tropical_fish_spawns_at_any_height 30
has_closer_water_fog 53,31
has_structure/ancient_city 10
has_structure/bastion_remnant 7,34,48,58
has_structure/buried_treasure 3,44
has_structure/desert_pyramid 14
has_structure/end_city 17,18
has_structure/igloo 47,45,46
has_structure/jungle_temple 1,28
has_structure/mineshaft 11,9,13,12,22,35,6,29,57,40,24,3,44,32,23,27,50,46,5,61,59,60,54,47,37,38,1,28,49,21,20,4,36,8,25,51,33,26,62,14,41,45,39,52,53,31,42,15,30
has_structure/mineshaft_mesa 0,19,63
has_structure/nether_fortress 34,48,7,58,2
has_structure/nether_fossil 48
has_structure/ocean_monument 11,9,13,12
has_structure/ocean_ruin_cold 22,6,35,11,9,13
has_structure/ocean_ruin_warm 29,57,12
has_structure/pillager_outpost 14,39,41,45,54,32,23,27,50,46,5,25
has_structure/ruined_portal_desert 14
has_structure/ruined_portal_jungle 1,28,49
has_structure/ruined_portal_mountain 0,19,63,61,59,60,42,62,51,32,23,27,50,46,5
has_structure/ruined_portal_nether 34,48,7,58,2
has_structure/ruined_portal_ocean 11,9,13,12,22,35,6,29,57
has_structure/ruined_portal_standard 3,44,40,24,54,47,37,38,21,20,4,36,8,25,33,26,15,30,41,45,39,52
has_structure/ruined_portal_swamp 53,31
has_structure/shipwreck 11,9,13,12,22,35,6,29,57
has_structure/shipwreck_beached 3,44
has_structure/stronghold 33,11,22,9,6,13,35,12,29,57,51,53,31,46,45,44,60,25,61,47,59,54,39,32,3,21,38,20,4,8,42,41,28,0,14,63,27,50,24,40,26,37,52,36,49,1,19,62,5,23,15,30,10
has_structure/swamp_hut 53
has_structure/trail_ruins 54,47,37,38,36,28
has_structure/trial_chambers 33,11,22,9,6,13,35,12,29,57,51,53,31,46,45,44,60,25,61,47,59,54,39,32,3,21,38,20,4,8,42,41,28,0,14,63,27,50,24,40,26,37,52,36,49,1,19,62,5,23,15,30
has_structure/village_desert 14
has_structure/village_plains 39,32
has_structure/village_savanna 41
has_structure/village_snowy 45
has_structure/village_taiga 54
has_structure/woodland_mansion 8
increased_fire_burnout 1,33,31,46,23,27,53,28
is_badlands 0,19,63
is_beach 3,44
is_deep_ocean 11,9,13,12
is_end 55,17,18,43,16
is_forest 21,20,4,36,8,25
is_hill 61,59,60
is_jungle 1,28,49
is_mountain 32,23,27,50,46,5
is_nether 34,48,7,58,2
is_ocean 11,9,13,12,22,35,6,29,57
is_overworld 33,11,22,9,6,13,35,12,29,57,51,53,31,46,45,44,60,25,61,47,59,54,39,32,3,21,38,20,4,8,42,41,28,0,14,63,27,50,24,40,26,37,52,36,49,1,19,62,5,23,15,30,10
is_river 40,24
is_savanna 41,42,62
is_taiga 54,47,37,38
mineshaft_blocking 10
more_frequent_drowned_spawns 40,24
plays_underwater_music 11,9,13,12,22,35,6,29,57,40,24
polar_bears_spawn_on_alternate_blocks 22,11
produces_corals_from_bonemeal 57
reduce_water_ambient_spawns 40,24
required_ocean_monument_surrounding 11,9,13,12,22,35,6,29,57,40,24
snow_golem_melts 0,2,7,14,19,34,41,42,48,58,62,63
spawns_cold_variant_frogs 45,26,23,27,46,22,11,25,10,24,47,44,55,17,18,43,16
spawns_gold_rabbits 14
spawns_snow_foxes 45,26,22,47,24,44,23,27,46,25
spawns_warm_variant_frogs 14,57,1,28,49,41,42,62,34,48,7,58,2,0,19,63,31
spawns_white_rabbits 45,26,22,47,24,44,23,27,46,25
stronghold_biased_to 39,52,45,26,14,21,20,4,8,36,37,38,54,47,41,42,61,60,59,62,28,49,1,0,19,63,32,25,46,23,27,50,33,15,30
water_on_map_outlines 11,9,13,12,22,35,6,29,57,40,24,53,31
without_patrol_spawns 33
without_wandering_trader_spawns 56
without_zombie_sieges 33
features 1
vanilla
