registry worldgen/biome 66
badlands
bamboo_jungle
basalt_deltas
beach
birch_forest
cherry_grove
cold_ocean
crimson_forest
dark_forest
deep_cold_ocean
deep_dark
deep_frozen_ocean
deep_lukewarm_ocean
deep_ocean
desert
dripstone_caves
end_barrens
end_highlands
end_midlands
eroded_badlands
flower_forest
forest
frozen_ocean
frozen_peaks
frozen_river
grove
ice_spikes
jagged_peaks
jungle
lukewarm_ocean
lush_caves
mangrove_swamp
meadow
mushroom_fields
nether_wastes
ocean
old_growth_birch_forest
old_growth_pine_taiga
old_growth_spruce_taiga
pale_garden
plains
river
savanna
savanna_plateau
small_end_islands
snowy_beach
snowy_plains
snowy_slopes
snowy_taiga
soul_sand_valley
sparse_jungle
stony_peaks
stony_shore
sulfur_caves
sunflower_plains
swamp
taiga
the_end
the_void
warm_ocean
warped_forest
windswept_forest
windswept_gravelly_hills
windswept_hills
windswept_savanna
wooded_badlands
registry chat_type 7
chat
emote_command
msg_command_incoming
msg_command_outgoing
say_command
team_msg_command_incoming
team_msg_command_outgoing
registry trim_pattern 18
bolt
coast
dune
eye
flow
host
raiser
rib
sentry
shaper
silence
snout
spire
tide
vex
ward
wayfinder
wild
registry trim_material 11
amethyst
copper
diamond
emerald
gold
iron
lapis
netherite
quartz
redstone
resin
registry wolf_variant 9
ashen
black
chestnut
pale
rusty
snowy
spotted
striped
woods
registry wolf_sound_variant 7
angry
big
classic
cute
grumpy
puglin
sad
registry pig_variant 3
cold
temperate
warm
registry pig_sound_variant 3
big
classic
mini
registry frog_variant 3
cold
temperate
warm
registry cat_variant 11
all_black
black
british_shorthair
calico
jellie
persian
ragdoll
red
siamese
tabby
white
registry cat_sound_variant 2
classic
royal
registry cow_sound_variant 2
classic
moody
registry cow_variant 3
cold
temperate
warm
registry chicken_sound_variant 2
classic
picky
registry chicken_variant 3
cold
temperate
warm
registry zombie_nautilus_variant 2
temperate
warm
registry painting_variant 51
alban
aztec
aztec2
backyard
baroque
bomb
bouquet
burning_skull
bust
cavebird
changing
cotan
courbet
creebet
dennis
donkey_kong
earth
endboss
fern
fighters
finding
fire
graham
humble
kebab
lowmist
match
meditative
orb
owlemons
passage
pigscene
plant
pointer
pond
pool
prairie_ride
sea
skeleton
skull_and_roses
stage
sunflowers
sunset
tides
unpacked
void
wanderer
wasteland
water
wind
wither
registry sulfur_cube_archetype 12
bouncy
explosive
fast_flat
fast_sliding
high_resistance
hot
light
regular
slow_bouncy
slow_flat
slow_sliding
sticky
registry dimension_type 4
overworld
overworld_caves
the_end
the_nether
registry damage_type 51
arrow
bad_respawn_point
cactus
campfire
cramming
dragon_breath
drown
dry_out
ender_pearl
explosion
fall
falling_anvil
falling_block
falling_stalactite
fireball
fireworks
fly_into_wall
freeze
generic
generic_kill
hot_floor
in_fire
in_wall
indirect_magic
lava
lightning_bolt
mace_smash
magic
mob_attack
mob_attack_no_aggro
mob_projectile
on_fire
out_of_world
outside_border
player_attack
player_explosion
sonic_boom
spear
spit
stalagmite
starve
sting
sulfur_cube_hot
sweet_berry_bush
thorns
thrown
trident
unattributed_fireball
wind_charge
wither
wither_skull
registry banner_pattern 43
base
border
bricks
circle
creeper
cross
curly_border
diagonal_left
diagonal_right
diagonal_up_left
diagonal_up_right
flow
flower
globe
gradient
gradient_up
guster
half_horizontal
half_horizontal_bottom
half_vertical
half_vertical_right
mojang
piglin
rhombus
skull
small_stripes
square_bottom_left
square_bottom_right
square_top_left
square_top_right
straight_cross
stripe_bottom
stripe_center
stripe_downleft
stripe_downright
stripe_left
stripe_middle
stripe_right
stripe_top
triangle_bottom
triangle_top
triangles_bottom
triangles_top
registry enchantment 43
aqua_affinity
bane_of_arthropods
binding_curse
blast_protection
breach
channeling
density
depth_strider
efficiency
feather_falling
fire_aspect
fire_protection
flame
fortune
frost_walker
impaling
infinity
knockback
looting
loyalty
luck_of_the_sea
lunge
lure
mending
multishot
piercing
power
projectile_protection
protection
punch
quick_charge
respiration
riptide
sharpness
silk_touch
smite
soul_speed
sweeping_edge
swift_sneak
thorns
unbreaking
vanishing_curse
wind_burst
registry jukebox_song 22
11
13
5
blocks
bounce
cat
chirp
creator
creator_music_box
far
lava_chicken
mall
mellohi
otherside
pigstep
precipice
relic
stal
strad
tears
wait
ward
registry instrument 8
admire_goat_horn
call_goat_horn
dream_goat_horn
feel_goat_horn
ponder_goat_horn
seek_goat_horn
sing_goat_horn
yearn_goat_horn
registry test_environment 1
default
registry test_instance 1
always_pass
registry dialog 3
custom_options
quick_actions
server_links
registry world_clock 2
overworld
the_end
registry timeline 4
day
early_game
moon
villager_schedule
tags banner_pattern 11
no_item_required 26,27,28,29,31,38,35,37,32,36,34,33,25,5,30,39,40,41,42,7,10,9,8,3,23,19,17,20,18,1,14,15
pattern_item/bordure_indented 6
pattern_item/creeper 4
pattern_item/field_masoned 2
pattern_item/flow 11
pattern_item/flower 12
pattern_item/globe 13
pattern_item/guster 16
pattern_item/mojang 21
pattern_item/piglin 22
pattern_item/skull 24
tags block 265
acacia_logs 53,75,64,83
air 0,794,795
all_hanging_signs 234,235,236,237,238,239,240,241,242,243,244,245,246,247,248,249,250,251,252,253,255,256,254,257
all_signs 210,211,212,213,215,216,217,901,902,218,219,214,224,225,226,227,229,230,231,903,904,232,233,228,234,235,236,237,238,239,240,241,242,243,244,245,246,247,248,249,250,251,252,253,255,256,254,257
ancient_city_replaceable 1151,1164,1160,1166,1162,1165,1163,1167,1152,1169,1170,147
animals_spawnable_on 8
anvil 467,468,469
armadillo_spawnable_on 8,554,484,488,485,498,496,492,39,10
axolotls_spawnable_on 281
azalea_grows_on 9,10,1149,1150,59,1144,1188,8,11,373,37,39,38,554,484,485,486,487,488,489,490,491,492,493,494,495,496,497,498,499,278,1027
azalea_root_replaceable 1,2,4,6,984,1151,9,10,1149,1150,59,1144,1188,8,11,373,554,484,485,486,487,488,489,490,491,492,493,494,495,496,497,498,499,39,281,40,37,278,1027
badlands_terracotta 554,484,488,485,498,496,492
bamboo_blocks 60,70
banners 563,564,565,566,567,568,569,570,571,572,573,574,575,576,577,578,579,580,581,582,583,584,585,586,587,588,589,590,591,592,593,594
bars 341,342,343,344,345,346,347,348,349
base_stone_nether 285,288,924
base_stone_overworld 1,2,4,6,984,1151
bats_spawnable_on 1,2,4,6,984,1151
beacon_base_blocks 915,403,205,174,175
beds 110,111,112,113,114,115,116,117,118,119,120,121,122,123,124,125
bee_attractive 157,1191,160,161,162,163,164,165,166,167,168,169,171,170,159,557,558,560,559,664,98,1139,33,93,1141,1142,657,1137,280
bee_growables 665,441,442,207,365,364,662,663,861,1135,1136
beehives 911,912
beneath_bamboo_podzol_replaceable 9,10,1149,1150,59,1144,1188,8,11,373
beneath_tree_podzol_replaceable 9,10,1149,1150,59,1144,1188,8,11,373
birch_logs 51,73,62,81
blocks_wind_charge_explosions 524,34
buttons 443,444,445,446,447,449,450,897,898,451,452,448,275,939
camel_sand_step_sound_blocks 37,39,38,726,727,728,729,730,731,732,733,734,735,736,737,738,739,740,741
camels_spawnable_on 37,39,38
campfires 859,860
can_glide_through 366,880,881,878,879,1136,1135
candle_cakes 961,962,963,964,965,966,967,968,969,970,971,972,973,974,975,976,977
candles 944,945,946,947,948,949,950,951,952,953,954,955,956,957,958,959,960
cannot_replace_below_tree_trunk 9,10,1149,1150,59,1144,1188,11
cannot_support_kelp 671
cannot_support_seagrass 671
cannot_support_snow_layer 277,556,524
cauldrons 387,388,389,390
causes_continuous_geyser_eruptions 36
causes_periodic_geyser_eruptions 671
cave_vines 1136,1135
ceiling_hanging_signs 234,235,236,237,238,239,240,241,242,243,244,245
chains 350,351,352,353,354,355,356,357,358
cherry_logs 54,76,65,84
climbable 221,366,837,878,879,880,881,1135,1136
coal_ores 46,47
combination_step_sound_blocks 538,539,540,541,542,543,544,545,546,547,548,549,550,551,552,553,1140,1189,276,870,869,882,368
completes_find_tree_tutorial 55,77,66,85,56,20,67,86,49,71,68,79,53,75,64,83,51,73,62,81,52,74,63,82,50,72,61,80,57,78,69,87,54,76,65,84,871,872,873,874,862,863,864,865,91,88,89,95,94,92,90,97,98,96,93,672,868
concrete 710,711,712,713,714,715,716,717,718,719,720,721,722,723,724,725
concrete_powders 726,727,728,729,730,731,732,733,734,735,736,737,738,739,740,741
convertable_to_mud 9,10,1149
copper 1034,1035,1036,1037,1038,1039,1040,1041
copper_chests 1108,1109,1110,1111,1112,1113,1114,1115
copper_golem_statues 1116,1117,1118,1119,1120,1121,1122,1123
copper_ores 1042,1043
coral_blocks 753,754,755,756,757
coral_plants 763,764,765,766,767
corals 763,764,765,766,767,773,774,775,776,777
crimson_stems 871,872,873,874
crops 665,441,442,207,365,364,662,663
crystal_sound_blocks 978,979
dampens_vibrations 140,141,142,143,144,145,146,147,148,149,150,151,152,153,154,155,538,539,540,541,542,543,544,545,546,547,548,549,550,551,552,553
dark_oak_logs 55,77,66,85
deepslate_ore_replaceables 1151,984
default_immune_to 
diamond_ores 203,204
dirt 9,10,1149
does_not_block_hoppers 911,912
doors 220,646,647,648,649,651,652,899,900,653,654,650,1076,1077,1078,1079,1080,1081,1082,1083,260
dragon_immune 524,34,391,392,667,407,668,669,905,906,156,193,917,393,341,918,1182,907,908
dragon_transparent 525,196,197
dripstone_replaceable_blocks 1,2,4,6,984,1151
edible_for_sheep 130,134,135,131
emerald_ores 398,399
enables_bubble_column_drag_down 671
enables_bubble_column_push_up 286
enchantment_power_provider 178
enchantment_power_transmitter 0,35,36,130,131,132,133,134,135,136,137,196,197,276,366,367,368,525,561,562,675,794,795,796,869,870,882,1143,1148
enderman_holdable 157,1191,160,161,162,163,164,165,166,167,168,169,171,170,159,1192,158,9,10,1149,1150,59,1144,1188,8,11,373,37,39,40,172,173,177,279,281,360,296,361,876,875,882,867,866,869,280
fall_damage_resetting 221,366,837,878,879,880,881,1135,1136,861,129
features_cannot_replace 34,198,201,392,1182,1185,1186
fence_gates 631,629,633,634,630,369,628,893,894,635,636,632
fences 284,640,642,643,637,638,639,889,890,644,645,641,382
fire 196,197
flower_pots 411,1193,1194,425,426,427,428,429,430,431,432,433,423,413,414,415,416,417,419,420,437,438,439,422,440,434,435,436,793,919,920,921,922,1176,1177,421,418,412,424
flowers 157,1191,160,161,162,163,164,165,166,167,168,169,171,170,159,1192,158,557,558,560,559,664,98,1139,33,93,1141,1142,657,1137,280
forest_rock_can_place_on 9,10,1149,1150,59,1144,1188,8,11,373,1,2,4,6,984,1151
fox_immune_to 861
foxes_spawnable_on 8,276,278,11,10
frog_prefer_jump_to 374,1145
frogs_spawnable_on 8,1150,58,59
geode_invalid_blocks 34,35,36,277,556,789
glazed_terracotta 694,695,696,697,698,699,700,701,702,703,704,705,706,707,708,709
goats_spawnable_on 8,1,276,278,556,40
gold_ores 42,48,43
grass_blocks 8,11,373
grows_crops 208
guarded_by_piglins 1108,1109,1110,1111,1112,1113,1114,1115,174,839,201,400,935,470,1175,677,678,679,680,681,682,683,684,685,686,687,688,689,690,691,692,693,42,48,43
happy_ghast_avoids 861,279,170,671,196,1133,1134
hoglin_repellents 867,920,295,918
huge_brown_mushroom_can_place_on 9,10,1149,1150,59,1144,1188,8,11,373,875,866
huge_red_mushroom_can_place_on 9,10,1149,1150,59,1144,1188,8,11,373,875,866
ice 277,556,789,670
ice_spike_replaceable 9,10,1149,1150,59,1144,1188,8,11,373,278,277
impermeable 300,301,302,303,304,305,306,307,308,309,310,311,312,313,314,315,101,1026,524
incorrect_for_copper_tool 193,917,915,918,916,205,203,204,398,399,403,174,1175,42,43,271,272
incorrect_for_diamond_tool 
incorrect_for_gold_tool 193,917,915,918,916,205,203,204,398,399,403,174,1175,42,43,271,272,175,1173,44,45,104,102,103,1174,1042,1043,1184,1108,1109,1110,1111,1112,1113,1114,1115,1124,1125,1126,1127,1128,1129,1130,1131,1034,1035,1036,1037,1038,1039,1040,1041,1100,1101,1102,1103,1104,1105,1106,1107,1044,1045,1046,1047,1048,1049,1050,1051,1052,1053,1054,1055,1056,1057,1058,1059,1060,1061,1062,1063,1064,1065,1066,1067,1068,1069,1070,1071,1072,1073,1074,1075,1084,1085,1086,1087,1088,1089,1090,1091,1092,1093,1094,1095,1096,1097,1098,1099
incorrect_for_iron_tool 193,917,915,918,916
incorrect_for_netherite_tool 
incorrect_for_stone_tool 193,917,915,918,916,205,203,204,398,399,403,174,1175,42,43,271,272
incorrect_for_wooden_tool 193,917,915,918,916,205,203,204,398,399,403,174,1175,42,43,271,272,175,1173,44,45,104,102,103,1174,1042,1043,1184,1108,1109,1110,1111,1112,1113,1114,1115,1124,1125,1126,1127,1128,1129,1130,1131,1034,1035,1036,1037,1038,1039,1040,1041,1100,1101,1102,1103,1104,1105,1106,1107,1044,1045,1046,1047,1048,1049,1050,1051,1052,1053,1054,1055,1056,1057,1058,1059,1060,1061,1062,1063,1064,1065,1066,1067,1068,1069,1070,1071,1072,1073,1074,1075,1084,1085,1086,1087,1088,1089,1090,1091,1092,1093,1094,1095,1096,1097,1098,1099
infiniburn_end 285,671,34
infiniburn_nether 285,671
infiniburn_overworld 285,671
inside_step_sound_blocks 1027,1031,367,374,983,1141,1142,1143
invalid_spawn_inside 391,667
iron_ores 44,45
jungle_logs 52,74,63,82
lanterns 849,850,851,852,853,854,855,856,857,858
lapis_ores 102,103
lava_pool_stone_cannot_replace 34,198,201,392,1182,1185,1186,91,88,89,95,94,92,90,97,98,96,93,55,77,66,85,56,20,67,86,49,71,68,79,53,75,64,83,51,73,62,81,52,74,63,82,50,72,61,80,57,78,69,87,54,76,65,84,871,872,873,874,862,863,864,865
leaves 91,88,89,95,94,92,90,97,98,96,93
lightning_rods 1124,1125,1126,1127,1128,1129,1130,1131
logs 55,77,66,85,56,20,67,86,49,71,68,79,53,75,64,83,51,73,62,81,52,74,63,82,50,72,61,80,57,78,69,87,54,76,65,84,871,872,873,874,862,863,864,865
logs_that_burn 55,77,66,85,56,20,67,86,49,71,68,79,53,75,64,83,51,73,62,81,52,74,63,82,50,72,61,80,57,78,69,87,54,76,65,84
lush_ground_replaceable 1,2,4,6,984,1151,1136,1135,9,10,1149,1150,59,1144,1188,8,11,373,281,40,37
maintains_farmland 364,362,365,363,665,441,442,662,159,663,207,156,631,629,633,634,630,369,628,893,894,635,636,632
mangrove_logs 57,78,69,87
mangrove_logs_can_grow_through 1150,59,58,96,57,33,1140,366
mangrove_roots_can_grow_through 1150,59,58,1140,366,33,276
mineable/axe 109,792,839,911,912,1146,1145,178,338,859,842,296,201,657,656,396,909,206,474,843,367,297,283,221,845,838,361,340,360,339,846,860,470,366,563,564,565,566,567,568,569,570,571,572,573,574,575,576,577,578,579,580,581,582,583,584,585,586,587,588,589,590,591,592,593,594,631,629,633,634,630,369,628,893,894,635,636,632,55,77,66,85,56,20,67,86,49,71,68,79,53,75,64,83,51,73,62,81,52,74,63,82,50,72,61,80,57,78,69,87,54,76,65,84,871,872,873,874,862,863,864,865,13,14,15,16,17,19,21,883,884,22,23,18,210,211,212,213,215,216,217,901,902,218,219,214,224,225,226,227,229,230,231,903,904,232,233,228,443,444,445,446,447,449,450,897,898,451,452,448,220,646,647,648,649,651,652,899,900,653,654,650,284,640,642,643,637,638,639,889,890,644,645,641,261,262,263,264,265,267,268,887,888,269,270,266,599,600,601,602,603,605,606,885,886,607,608,604,200,404,405,406,516,518,519,895,896,520,521,517,320,318,322,323,319,316,317,891,892,324,325,321,58,234,235,236,237,238,239,240,241,242,243,244,245,246,247,248,249,250,251,252,253,255,256,254,257,24,609,522,60,70,179,180,181,182,183,184,185,186,187,188,189,190,191,199
mineable/hoe 91,88,89,95,94,92,90,97,98,96,93,672,868,537,744,910,877,99,100,1028,1029,1144,1140,1188,1189,1030,1032,1031,1033
mineable/pickaxe 1,2,3,4,5,6,7,12,42,43,44,45,46,47,48,102,103,104,105,106,107,108,174,175,176,192,193,198,203,204,205,209,223,259,260,271,272,285,288,289,326,327,328,329,370,371,381,382,383,385,386,393,397,398,399,400,403,471,472,475,476,477,478,479,480,481,483,526,527,528,529,530,531,532,533,534,535,554,555,595,596,597,598,610,611,612,613,614,615,616,617,619,620,621,622,623,624,625,626,627,658,659,660,661,671,673,674,676,748,749,750,751,752,753,754,755,756,757,758,759,760,761,762,768,769,770,771,772,778,779,780,781,782,797,798,799,800,801,802,803,804,805,806,807,808,809,810,811,812,813,814,815,816,817,818,819,820,821,822,823,840,841,844,847,848,866,875,915,916,917,918,923,924,925,927,928,929,930,931,932,933,935,936,937,938,941,942,943,984,1025,1042,1043,1132,1151,1152,1153,1154,1156,1157,1158,1160,1161,1162,1164,1165,1166,1168,1169,1170,1172,1173,1174,1175,277,556,789,138,128,139,980,983,982,981,978,979,333,337,336,1171,332,335,334,275,939,409,410,824,825,826,827,828,829,831,832,833,834,835,836,926,934,940,1155,1159,1163,1167,830,987,991,996,379,1015,1019,1023,1002,1006,1010,677,678,679,680,681,682,683,684,685,686,687,688,689,690,691,692,693,467,468,469,387,388,389,390,222,126,127,482,790,331,372,618,330,1184,985,986,992,988,989,990,993,994,995,997,1187,376,378,377,380,1012,1013,1014,1016,1017,1018,1020,1021,1022,1024,998,999,1000,1001,1003,1004,1005,1007,1008,1009,1011,1108,1109,1110,1111,1112,1113,1114,1115,1116,1117,1118,1119,1120,1121,1122,1123,1124,1125,1126,1127,1128,1129,1130,1131,849,850,851,852,853,854,855,856,857,858,350,351,352,353,354,355,356,357,358,341,342,343,344,345,346,347,348,349,1034,1035,1036,1037,1038,1039,1040,1041,1100,1101,1102,1103,1104,1105,1106,1107,1044,1045,1046,1047,1048,1049,1050,1051,1052,1053,1054,1055,1056,1057,1058,1059,1060,1061,1062,1063,1064,1065,1066,1067,1068,1069,1070,1071,1072,1073,1074,1075,1076,1077,1078,1079,1080,1081,1082,1083,1084,1085,1086,1087,1088,1089,1090,1091,1092,1093,1094,1095,1096,1097,1098,1099,694,695,696,697,698,699,700,701,702,703,704,705,706,707,708,709,484,485,486,487,488,489,490,491,492,493,494,495,496,497,498,499,710,711,712,713,714,715,716,717,718,719,720,721,722,723,724,725,1133,1134
mineable/shovel 281,9,10,11,208,8,40,373,37,39,278,276,286,666,287,1149,59,1150,38,41,726,727,728,729,730,731,732,733,734,735,736,737,738,739,740,741
mob_interactable_doors 220,646,647,648,649,651,652,899,900,653,654,650,1076,1077,1078,1079,1080,1081,1082,1083
mooshrooms_spawnable_on 373
moss_blocks 1144,1188
moss_replaceable 1,2,4,6,984,1151,1136,1135,9,10,1149,1150,59,1144,1188,8,11,373
mud 1150,59
needs_diamond_tool 193,917,915,918,916
needs_iron_tool 205,203,204,398,399,403,174,1175,42,43,271,272
needs_stone_tool 175,1173,44,45,104,102,103,1174,1042,1043,1184,1108,1109,1110,1111,1112,1113,1114,1115,1124,1125,1126,1127,1128,1129,1130,1131,1034,1035,1036,1037,1038,1039,1040,1041,1100,1101,1102,1103,1104,1105,1106,1107,1044,1045,1046,1047,1048,1049,1050,1051,1052,1053,1054,1055,1056,1057,1058,1059,1060,1061,1062,1063,1064,1065,1066,1067,1068,1069,1070,1071,1072,1073,1074,1075,1084,1085,1086,1087,1088,1089,1090,1091,1092,1093,1094,1095,1096,1097,1098,1099
nether_carver_replaceables 1,2,4,6,984,1151,285,288,924,9,10,1149,1150,59,1144,1188,8,11,373,875,866,672,868,286,287
nylium 875,866
oak_logs 49,71,68,79
occludes_vibration_signals 140,141,142,143,144,145,146,147,148,149,150,151,152,153,154,155
overrides_mushroom_light_requirement 373,11,875,866
overworld_carver_replaceables 1,2,4,6,984,1151,9,10,1149,1150,59,1144,1188,8,11,373,37,39,38,554,484,485,486,487,488,489,490,491,492,493,494,495,496,497,498,499,44,45,1042,1043,276,278,1027,35,40,41,106,595,1025,556,1173,1174,1012,998,999
overworld_natural_logs 53,51,49,52,50,55,56,57,54
pale_oak_logs 56,20,67,86
parrots_spawnable_on 8,0,91,88,89,95,94,92,90,97,98,96,93,55,77,66,85,56,20,67,86,49,71,68,79,53,75,64,83,51,73,62,81,52,74,63,82,50,72,61,80,57,78,69,87,54,76,65,84,871,872,873,874,862,863,864,865
piglin_repellents 197,290,850,291,860
planks 13,14,15,16,17,19,21,883,884,22,23,18
polar_bear_immune_to 1027
polar_bears_spawnable_on_alternate 277
portals 295,391,667
pressure_plates 471,472,261,262,263,264,265,267,268,887,888,269,270,266,259,938
prevent_mob_spawning_inside 222,126,127,482
prevents_nearby_leaf_decay 55,77,66,85,56,20,67,86,49,71,68,79,53,75,64,83,51,73,62,81,52,74,63,82,50,72,61,80,57,78,69,87,54,76,65,84,871,872,873,874,862,863,864,865
rabbits_spawnable_on 8,276,278,37
rails 222,126,127,482
redstone_ores 271,272
replaceable 0,35,36,130,131,132,133,134,135,136,137,196,197,276,366,367,368,525,561,562,675,794,795,796,869,870,882,1143,1148
replaceable_by_mushrooms 91,88,89,95,94,92,90,97,98,96,93,157,1191,160,161,162,163,164,165,166,167,168,169,171,170,159,1192,158,1189,130,131,132,366,367,557,558,559,560,561,562,1148,664,35,136,137,172,173,338,339,869,870,882,1143,134,135,133,1195
replaceable_by_trees 91,88,89,95,94,92,90,97,98,96,93,157,1191,160,161,162,163,164,165,166,167,168,169,171,170,159,1192,158,1189,130,131,132,366,367,557,558,559,560,561,562,1148,664,35,136,137,133,1195,869,870,882,1143,134,135
sand 37,39,38
saplings 25,26,27,28,29,31,32,1138,1139,33,30
sculk_replaceable 1,2,4,6,984,1151,9,10,1149,1150,59,1144,1188,8,11,373,554,484,485,486,487,488,489,490,491,492,493,494,495,496,497,498,499,875,866,285,288,924,37,39,40,286,287,1025,1172,281,1132,393,595,106,998,1012
sculk_replaceable_world_gen 1,2,4,6,984,1151,9,10,1149,1150,59,1144,1188,8,11,373,554,484,485,486,487,488,489,490,491,492,493,494,495,496,497,498,499,875,866,285,288,924,37,39,40,286,287,1025,1172,281,1132,393,595,106,998,1012,1164,1160,1152,1169,1170,1156
shears_extreme_breaking_speed 91,88,89,95,94,92,90,97,98,96,93
shears_major_breaking_speed 140,141,142,143,144,145,146,147,148,149,150,151,152,153,154,155
shears_minor_breaking_speed 367,366
shulker_boxes 677,678,679,680,681,682,683,684,685,686,687,688,689,690,691,692,693
signs 210,211,212,213,215,216,217,901,902,218,219,214,224,225,226,227,229,230,231,903,904,232,233,228
slabs 599,600,601,602,603,605,606,885,886,607,608,604,609,610,611,617,612,623,620,621,616,615,619,614,533,534,535,811,812,813,814,815,816,817,818,819,820,821,822,823,613,622,927,932,937,1154,1158,1162,1166,618,985,989,994,378,1013,1017,1021,1000,1004,1008,1068,1069,1070,1071,1072,1073,1074,1075
small_flowers 157,1191,160,161,162,163,164,165,166,167,168,169,171,170,159,1192,158
smelts_to_glass 37,39
snaps_goat_horn 53,51,49,52,50,55,56,57,54,1,556,44,46,1042,398
sniffer_diggable_block 9,10,1149,1150,59,1144,1188,8,11
sniffer_egg_hatch_boost 1144
snow 276,278,1027
snow_golem_immune_to 1027
soul_fire_base_blocks 286,287
soul_speed_blocks 286,287
speleothems 1133,1134
spruce_logs 50,72,61,80
stairs 200,404,405,406,516,518,519,895,896,520,521,517,522,223,397,383,371,370,660,481,598,531,530,532,797,798,799,800,801,802,803,804,805,806,807,808,809,810,925,933,936,1153,1157,1161,1165,372,986,990,995,377,1014,1018,1022,1001,1005,1009,1060,1061,1062,1063,1064,1065,1066,1067
standing_signs 210,211,212,213,215,216,217,901,902,218,219,214
stone_bricks 326,327,328,329
stone_buttons 275,939
stone_ore_replaceables 1,2,4,6
stone_pressure_plates 259,938
stray_immune_to 1027
strider_warm_blocks 36
substrate_overworld 9,10,1149,1150,59,1144,1188,8,11,373
sulfur_spike_replaceable_blocks 998,1012
support_override_cactus_flower 279,208
support_override_snow_layer 913,286,1150
supports_azalea 9,10,1149,1150,59,1144,1188,8,11,373,208,281
supports_bamboo 37,39,38,9,10,1149,1150,59,1144,1188,8,11,373,792,791,40,41
supports_big_dripleaf 281,1144,9,8,11,10,373,1149,1150,59,208
supports_cactus 37,39,38
supports_chorus_flower 393
supports_chorus_plant 393
supports_cocoa 52,74,63,82
supports_crimson_fungus 9,10,1149,1150,59,1144,1188,8,11,373,208,875,866,287
supports_crimson_roots 9,10,1149,1150,59,1144,1188,8,11,373,208,875,866,287
supports_crops 208
supports_dry_vegetation 37,39,38,554,484,485,486,487,488,489,490,491,492,493,494,495,496,497,498,499,9,10,1149,1150,59,1144,1188,8,11,373,208
supports_frogspawn 
supports_hanging_mangrove_propagule 96
supports_lily_pad 277,670
supports_mangrove_propagule 9,10,1149,1150,59,1144,1188,8,11,373,208,281
supports_melon_stem 208
supports_melon_stem_fruit 9,10,1149,1150,59,1144,1188,8,11,373,208
supports_nether_sprouts 9,10,1149,1150,59,1144,1188,8,11,373,208,875,866,287
supports_nether_wart 286
supports_pumpkin_stem 208
supports_pumpkin_stem_fruit 9,10,1149,1150,59,1144,1188,8,11,373,208
supports_small_dripleaf 281,1144
supports_stem_crops 208
supports_stem_fruit 9,10,1149,1150,59,1144,1188,8,11,373,208
supports_sugar_cane 9,10,1149,1150,59,1144,1188,8,11,373,37,39,38
supports_sugar_cane_adjacently 670
supports_vegetation 9,10,1149,1150,59,1144,1188,8,11,373,208
supports_warped_fungus 9,10,1149,1150,59,1144,1188,8,11,373,208,875,866,287
supports_warped_roots 9,10,1149,1150,59,1144,1188,8,11,373,208,875,866,287
supports_wither_rose 9,10,1149,1150,59,1144,1188,8,11,373,208,285,286,287
suppresses_bounce 913
sword_efficient 91,88,89,95,94,92,90,97,98,96,93,366,367,360,296,297,361,396,1145,1146,656,657
sword_instantly_mines 792,791
terracotta 554,484,485,486,487,488,489,490,491,492,493,494,495,496,497,498,499
trail_ruins_replaceable 40
trapdoors 320,318,322,323,319,316,317,891,892,324,325,321,526,1084,1085,1086,1087,1088,1089,1090,1091
triggers_ambient_desert_dry_vegetation_block_sounds 554,484,485,486,487,488,489,490,491,492,493,494,495,496,497,498,499,37,39
triggers_ambient_desert_sand_block_sounds 37,39
triggers_ambient_dried_ghast_block_sounds 286,287
underwater_bonemeals 136,763,764,765,766,767,773,774,775,776,777,783,784,785,786,787
unstable_bottom_center 631,629,633,634,630,369,628,893,894,635,636,632
valid_spawn 8,11
vibration_resonators 978
wall_corals 783,784,785,786,787
wall_hanging_signs 246,247,248,249,250,251,252,253,255,256,254,257
wall_post_override 194,290,273,292,402,210,211,212,213,215,216,217,901,902,218,219,214,224,225,226,227,229,230,231,903,904,232,233,228,563,564,565,566,567,568,569,570,571,572,573,574,575,576,577,578,579,580,581,582,583,584,585,586,587,588,589,590,591,592,593,594,471,472,261,262,263,264,265,267,268,887,888,269,270,266,259,938,280
wall_signs 224,225,226,227,229,230,231,903,904,232,233,228
walls 409,410,824,825,826,827,828,829,831,832,833,834,835,836,926,934,940,1155,1159,1163,1167,830,987,991,996,379,1015,1019,1023,1002,1006,1010
warped_stems 862,863,864,865
wart_blocks 672,868
wither_immune 524,34,391,392,667,407,668,669,905,906,156,525,1182,907,908
wither_immune_to 170
wither_skeleton_immune_to 170
wither_summon_base_blocks 286,287
wolves_spawnable_on 8,276,278,10,11
wooden_buttons 443,444,445,446,447,449,450,897,898,451,452,448
wooden_doors 220,646,647,648,649,651,652,899,900,653,654,650
wooden_fences 284,640,642,643,637,638,639,889,890,644,645,641
wooden_pressure_plates 261,262,263,264,265,267,268,887,888,269,270,266
wooden_shelves 180,181,182,183,184,185,186,187,188,189,190,191
wooden_slabs 599,600,601,602,603,605,606,885,886,607,608,604
wooden_stairs 200,404,405,406,516,518,519,895,896,520,521,517
wooden_trapdoors 320,318,322,323,319,316,317,891,892,324,325,321
wool 140,141,142,143,144,145,146,147,148,149,150,151,152,153,154,155
wool_carpets 538,539,540,541,542,543,544,545,546,547,548,549,550,551,552,553
tags damage_type 34
always_hurts_ender_dragons 15,9,35,1
always_kills_armor_stands 0,46,14,50,48
always_most_significant_fall 32
always_triggers_silverfish 27
avoids_guardian_thorns 27,44,15,9,35,1
burn_from_stepping 3,20,42
burns_armor_stands 31
bypasses_armor 31,22,4,6,16,18,49,5,40,10,8,17,39,27,23,32,19,36,33
bypasses_effects 40
bypasses_enchantments 36
bypasses_invulnerability 32,19
bypasses_resistance 32,19
bypasses_shield 31,22,4,6,16,18,49,5,40,10,8,17,39,27,23,32,19,36,33,2,3,7,11,13,20,42,21,24,25,43
bypasses_wolf_armor 32,19,4,6,7,17,22,23,27,33,40,44,49
can_break_armor_stand 35,34,37,26
damages_helmet 11,12,13
ignites_armor_stands 21,3
is_drowning 6
is_explosion 15,9,35,1
is_fall 10,8,39
is_fire 21,3,31,24,20,42,47,14
is_freezing 17
is_lightning 25
is_player_attack 34,37,26
is_projectile 0,46,30,47,14,50,45,48
mace_smash 26
no_anger 29
no_impact 6
no_knockback 9,35,1,21,25,31,24,20,42,22,4,6,40,2,10,8,16,32,18,27,49,5,7,43,17,39,33,19,3,37
panic_causes 2,17,20,42,21,24,25,31,0,5,9,14,15,23,27,28,30,35,36,41,45,46,47,48,49,50,34,37,26
panic_environmental_causes 2,17,20,42,21,24,25,31
sulfur_cube_with_block_immune_to 0,2,7,10,11,12,13,17,26,20,28,29,30,34,37,38,39,41,42,43,45,46,48,15,9,35,1
witch_resistant_to 27,23,36,44
wither_immune_to 6
tags dialog 2
pause_screen_additions 
quick_actions 
tags enchantment 22
curse 2,41
double_trade_price 2,41,38,36,14,23,42
exclusive_set/armor 28,3,11,27
exclusive_set/boots 14,7
exclusive_set/bow 16,23
exclusive_set/crossbow 24,25
exclusive_set/damage 33,35,1,15,6,4
exclusive_set/mining 13,34
exclusive_set/riptide 19,5
in_enchanting_table 28,11,9,3,27,31,0,39,7,33,35,1,17,10,18,37,8,34,40,13,26,29,12,16,20,22,19,15,32,5,24,30,25,6,4,21
non_treasure 28,11,9,3,27,31,0,39,7,33,35,1,17,10,18,37,8,34,40,13,26,29,12,16,20,22,19,15,32,5,24,30,25,6,4,21
on_mob_spawn_equipment 28,11,9,3,27,31,0,39,7,33,35,1,17,10,18,37,8,34,40,13,26,29,12,16,20,22,19,15,32,5,24,30,25,6,4,21
on_random_loot 28,11,9,3,27,31,0,39,7,33,35,1,17,10,18,37,8,34,40,13,26,29,12,16,20,22,19,15,32,5,24,30,25,6,4,21,2,41,14,23
on_traded_equipment 28,11,9,3,27,31,0,39,7,33,35,1,17,10,18,37,8,34,40,13,26,29,12,16,20,22,19,15,32,5,24,30,25,6,4,21
prevents_bee_spawns_when_mining 34
prevents_decorated_pot_shattering 34
prevents_ice_melting 34
prevents_infested_spawns 34
smelts_loot 10
tooltip_order 2,41,32,5,42,14,21,33,35,1,15,26,6,4,25,37,24,10,12,17,29,28,3,11,27,9,13,18,34,20,8,30,22,31,0,36,38,7,39,19,40,16,23
tradeable 28,11,9,3,27,31,0,39,7,33,35,1,17,10,18,37,8,34,40,13,26,29,12,16,20,22,19,15,32,5,24,30,25,6,4,21,2,41,14,23
treasure 2,41,38,36,14,23,42
tags entity_type 48
accepts_iron_golem_gift 28
aquatic 138,7,63,40,27,107,110,137,35,127,61,131,88,153
arrows 6,123
arthropod 11,42,114,124,22
axolotl_always_hostiles 38,63,40
axolotl_hunt_targets 137,107,110,27,127,61,131
beehive_inhabitors 11
boat 89,125,12,74,0,23,33,94,81,9
burn_in_daylight 115,128,147,16,151,152,154,38,153,99
can_breathe_under_water 115,128,147,116,16,97,152,20,151,154,155,150,38,67,153,146,99,7,55,63,40,138,61,27,107,110,127,137,131,5,28,88
can_equip_harness 58
can_equip_saddle 66,116,152,36,87,100,129,19,20,88,153
can_float_while_ridden 66,152,87,36,19,20
can_turn_in_boats 17
can_wear_horse_armor 66,152
can_wear_nautilus_armor 88,153
candidate_for_iron_golem_gift 140,28
cannot_be_age_locked 152,116,140
cannot_be_pushed_onto_boats 156,40,27,107,110,137,35,127,61,131,31,88,153,130
deflects_projectiles 17
dismounts_underwater 19,26,36,58,66,78,87,100,109,124,129,135,152
fall_damage_immune 28,70,121,112,2,10,11,14,21,26,57,58,99,80,91,98,146,17
followable_friendly_mobs 4,11,19,21,26,30,36,54,62,58,66,116,78,87,91,96,98,100,104,108,111,119,129,140,149
freeze_hurts_extra_types 129,14,80
freeze_immune_entity_types 128,104,121,146
frog_food 117,80
ignores_poison_and_regen 115,128,147,116,16,97,152,20,151,154,155,150,38,67,153,146,99
illager 46,68,103,141
illager_friends 46,68,103,141
immune_to_infested 114
immune_to_oozing 117
impact_projectiles 6,123,53,120,52,118,39,136,37,148,144,18
inverted_healing_and_harm 115,128,147,116,16,97,152,20,151,154,155,150,38,67,153,146,99
nautilus_hostiles 107
no_anger_from_wind_charge 17,115,16,128,151,67,124,22,117
non_controlling_rider 117,80,130
not_affected_by_geysers 43
not_scary_for_pufferfish 138,63,40,27,107,110,137,35,127,61,131,88,153,130
powder_snow_walkable_mobs 108,42,114,54
raiders 46,103,109,141,68,145
redirectable_projectile 52,144,18
sensitive_to_bane_of_arthropods 11,42,114,124,22
sensitive_to_impaling 138,7,63,40,27,107,110,137,35,127,61,131,88,153
sensitive_to_smite 115,128,147,116,16,97,152,20,151,154,155,150,38,67,153,146,99
skeletons 115,128,147,116,16,97
undead 115,128,147,116,16,97,152,20,151,154,155,150,38,67,153,146,99
wither_friends 115,128,147,116,16,97,152,20,151,154,155,150,38,67,153,146,99
zombies 152,20,151,154,155,150,38,67,153
tags fluid 6
bubble_column_can_occupy 2
lava 4,3
supports_frogspawn 2
supports_lily_pad 2
supports_sugar_cane_adjacently 2,1
water 2,1
tags game_event 5
allay_can_listen 34
ignore_vibrations_sneaking 27,37,42,43,30,29
shrieker_can_listen 38
vibrations 1,2,3,5,6,7,8,0,4,9,10,11,12,13,14,15,16,17,18,19,20,21,22,23,25,26,27,28,29,33,34,35,36,37,39,41,42,43,44,45,46,47,48,49,50,51,52,53,54,55,56,57,58,59,60,24
warden_can_listen 1,2,3,5,6,7,8,0,4,9,10,11,12,13,14,15,16,17,18,19,20,21,22,23,25,26,27,28,29,33,34,35,36,37,39,41,42,43,44,45,46,47,48,49,50,51,52,53,54,55,56,57,58,59,60,40,38
tags instrument 3
goat_horns 4,6,5,3,0,1,7,2
regular_goat_horns 4,6,5,3
screaming_goat_horns 0,1,7,2
tags item 224
acacia_logs 165,202,179,190
anvil 506,507,508
armadillo_food 1151
arrows 923,1323,1322
axes 967,952,957,972,942,962,947
axolotl_food 1050
bamboo_blocks 174,197
banners 1296,1297,1298,1299,1300,1301,1302,1303,1304,1305,1306,1307,1308,1309,1310,1311
bars 418,419,420,421,422,423,424,425,426
beacon_payment_items 937,927,926,936,932
beds 1115,1116,1117,1118,1119,1120,1121,1122,1123,1124,1125,1126,1127,1128,1129,1130
bee_food 256,258,260,261,262,263,264,265,266,267,268,269,270,271,272,552,553,555,554,273,219,233,84,214,286,287,353,274,369
birch_logs 163,200,177,188
boats 891,893,895,897,899,903,905,907,909,901,892,894,896,898,900,904,906,908,910,902
book_cloning_target 1250
bookshelf_books 1058,1251,1274,1250,1337
breaks_decorated_pots 964,949,954,969,939,959,944,967,952,957,972,942,962,947,966,951,956,971,941,961,946,965,950,955,970,940,960,945,968,953,958,973,943,963,948,1362,1253
brewing_fuel 1153
bundles 1065,1066,1067,1068,1069,1070,1071,1072,1073,1074,1075,1076,1077,1078,1079,1080,1081
buttons 779,780,781,782,783,785,786,789,790,787,788,784,777,778
camel_food 368
camel_husk_food 1282
candles 1429,1430,1431,1432,1433,1434,1435,1436,1437,1438,1439,1440,1441,1442,1443,1444,1445
cat_collar_dyes 1095,1096,1097,1098,1099,1100,1101,1102,1103,1104,1105,1106,1107,1108,1109,1110
cat_food 1086,1087
cauldron_can_remove_dye 982,983,984,985,1290,918
chains 427,428,429,430,431,432,433,434,435
cherry_logs 166,203,180,191
chest_armor 983,987,991,1003,995,999,1007
chest_boats 892,894,896,898,900,904,906,908,910,902
chicken_food 979,1138,1137,1318,1315,1316
cluster_max_harvestables 966,956,961,971,951,941,946
coal_ores 91,92
coals 924,925
compasses 1063,1064
completes_find_tree_tutorial 168,205,181,192,167,204,182,193,161,198,175,186,165,202,179,190,163,200,177,188,164,201,178,189,162,199,176,187,169,206,183,194,166,203,180,191,172,184,207,195,173,185,208,196,212,209,210,216,215,213,211,218,219,217,214,604,605
concrete 642,643,644,645,646,647,648,649,650,651,652,653,654,655,656,657
concrete_powders 658,659,660,661,662,663,664,665,666,667,668,669,670,671,672,673
copper 118,119,120,121,122,123,124,125
copper_chests 1516,1517,1518,1519,1520,1521,1522,1523
copper_golem_statues 1524,1525,1526,1527,1528,1529,1530,1531
copper_ores 95,96
copper_tool_materials 934
cow_food 980
creeper_drop_music_discs 1339,1340,1341,1343,1346,1348,1349,1350,1351,1352,1353,1354
creeper_igniters 919,1248
crimson_stems 172,184,207,195
dampens_vibrations 240,241,242,243,244,245,246,247,248,249,250,251,252,253,254,255,533,534,535,536,537,538,539,540,541,542,543,544,545,546,547,548
dark_oak_logs 168,205,181,192
decorated_pot_ingredients 1054,1477,1478,1479,1480,1481,1482,1483,1484,1486,1488,1489,1490,1491,1492,1493,1494,1496,1497,1498,1499,1485,1487,1495
decorated_pot_sherds 1477,1478,1479,1480,1481,1482,1483,1484,1486,1488,1489,1490,1491,1492,1493,1494,1496,1497,1498,1499,1485,1487,1495
diamond_ores 105,106
diamond_tool_materials 926
dirt 55,56,58
doors 808,809,810,811,812,814,815,818,819,816,817,813,820,821,822,823,824,825,826,827,807
drowned_preferred_weapons 1362
duplicates_allays 930
dyes 1095,1096,1097,1098,1099,1100,1101,1102,1103,1104,1105,1106,1107,1108,1109,1110
eggs 1060,1061,1062
emerald_ores 101,102
enchantable/armor 985,989,993,1005,997,1001,1009,984,988,992,1004,996,1000,1008,983,987,991,1003,995,999,1007,982,986,990,1002,994,998,1006,915
enchantable/bow 922
enchantable/chest_armor 983,987,991,1003,995,999,1007
enchantable/crossbow 1370
enchantable/durability 985,989,993,1005,997,1001,1009,984,988,992,1004,996,1000,1008,983,987,991,1003,995,999,1007,982,986,990,1002,994,998,1006,915,890,1325,964,949,954,969,939,959,944,967,952,957,972,942,962,947,966,951,956,971,941,961,946,965,950,955,970,940,960,945,968,953,958,973,943,963,948,922,1370,1362,919,1134,1457,1082,887,888,1253,1331,1327,1330,1332,1326,1329,1328
enchantable/equippable 985,989,993,1005,997,1001,1009,984,988,992,1004,996,1000,1008,983,987,991,1003,995,999,1007,982,986,990,1002,994,998,1006,915,890,1265,1267,1266,1263,1264,1268,1269,385
enchantable/fire_aspect 964,949,954,969,939,959,944,1331,1327,1330,1332,1326,1329,1328,1253
enchantable/fishing 1082
enchantable/foot_armor 985,989,993,1005,997,1001,1009
enchantable/head_armor 982,986,990,1002,994,998,1006,915
enchantable/leg_armor 984,988,992,1004,996,1000,1008
enchantable/lunge 1331,1327,1330,1332,1326,1329,1328
enchantable/mace 1253
enchantable/melee_weapon 964,949,954,969,939,959,944,1331,1327,1330,1332,1326,1329,1328
enchantable/mining 967,952,957,972,942,962,947,966,951,956,971,941,961,946,965,950,955,970,940,960,945,968,953,958,973,943,963,948,1134
enchantable/mining_loot 967,952,957,972,942,962,947,966,951,956,971,941,961,946,965,950,955,970,940,960,945,968,953,958,973,943,963,948
enchantable/sharp_weapon 964,949,954,969,939,959,944,1331,1327,1330,1332,1326,1329,1328,967,952,957,972,942,962,947
enchantable/sweeping 964,949,954,969,939,959,944
enchantable/trident 1362
enchantable/vanishing 985,989,993,1005,997,1001,1009,984,988,992,1004,996,1000,1008,983,987,991,1003,995,999,1007,982,986,990,1002,994,998,1006,915,890,1325,964,949,954,969,939,959,944,967,952,957,972,942,962,947,966,951,956,971,941,961,946,965,950,955,970,940,960,945,968,953,958,973,943,963,948,922,1370,1362,919,1134,1457,1082,887,888,1253,1331,1327,1330,1332,1326,1329,1328,1063,385,1265,1267,1266,1263,1264,1268,1269
enchantable/weapon 964,949,954,969,939,959,944,1331,1327,1330,1332,1326,1329,1328,967,952,957,972,942,962,947,1253
fence_gates 853,851,855,856,852,849,850,859,860,857,858,854
fences 372,376,378,379,373,374,375,382,383,380,381,377,455
fishes 1086,1090,1087,1091,1089,1088
flowers 256,258,260,261,262,263,264,265,266,267,268,269,270,271,272,259,257,552,553,555,554,273,219,233,84,214,286,287,353,274,369
foot_armor 985,989,993,1005,997,1001,1009
fox_food 1404,1405
freeze_immune_wearables 985,984,983,982,1290
frog_food 1059
furnace_minecart_fuel 924,925
gaze_disguise_equipment 385
glazed_terracotta 626,627,628,629,630,631,632,633,634,635,636,637,638,639,640,641
goat_food 980
gold_ores 97,107,98
gold_tool_materials 936
grass_blocks 54,57,450
hanging_signs 1028,1029,1030,1032,1033,1031,1034,1035,1038,1039,1036,1037
happy_ghast_food 1044
happy_ghast_tempt_items 1044,866,867,868,869,870,871,872,873,874,875,876,877,878,879,880,881
harnesses 866,867,868,869,870,871,872,873,874,875,876,877,878,879,880,881
head_armor 982,986,990,1002,994,998,1006,915
hoes 968,953,958,973,943,963,948
hoglin_food 277
horse_food 980,1113,532,921,1257,1262,1014,1015
horse_tempt_items 1262,1014,1015
ignored_by_piglin_babies 1045
iron_ores 93,94
iron_tool_materials 932
jungle_logs 164,201,178,189
lanterns 1394,1395,1396,1397,1398,1399,1400,1401,1402,1403
lapis_ores 103,104
leaves 212,209,210,216,215,213,211,218,219,217,214
lectern_books 1251,1250
leg_armor 984,988,992,1004,996,1000,1008
lightning_rods 761,762,763,764,765,766,767,768
llama_food 980,532
llama_tempt_items 532
logs 168,205,181,192,167,204,182,193,161,198,175,186,165,202,179,190,163,200,177,188,164,201,178,189,162,199,176,187,169,206,183,194,166,203,180,191,172,184,207,195,173,185,208,196
logs_that_burn 168,205,181,192,167,204,182,193,161,198,175,186,165,202,179,190,163,200,177,188,164,201,178,189,162,199,176,187,169,206,183,194,166,203,180,191
loom_dyes 1095,1096,1097,1098,1099,1100,1101,1102,1103,1104,1105,1106,1107,1108,1109,1110
loom_patterns 1373,1374,1375,1376,1377,1378,1379,1380,1381,1382
mangrove_logs 169,206,183,194
map_invisibility_equipment 385
meat 1139,1141,1140,1142,1295,1012,1280,1294,1011,1279,1143
metal_nuggets 1336,1335,1147
moss_blocks 290,293
mud 59,171
nautilus_bucket_food 1047,1049,1048,1050
nautilus_food 1086,1090,1087,1091,1089,1088,1047,1049,1048,1050
nautilus_taming_items 1047,1089
netherite_tool_materials 937
non_flammable_wood 173,185,208,196,172,184,207,195,73,74,309,310,805,806,382,383,839,840,859,860,480,481,789,790,818,819,1026,1027,1039,1038,344,337
noteblock_top_instruments 1266,1263,1267,1268,1264,1269,1265
oak_logs 161,198,175,186
ocelot_food 1086,1087
pale_oak_logs 167,204,182,193
panda_eats_from_ground 297,1114
panda_food 297
parrot_food 979,1138,1137,1318,1315,1316
parrot_poisonous_food 1131
pickaxes 966,951,956,971,941,961,946
pig_food 1257,1258,1317
piglin_food 1011,1012
piglin_loved 97,107,98,126,1419,793,936,1393,1083,1262,1158,1014,1015,1002,1003,1004,1005,1287,1365,954,1330,956,955,957,958,935,113,257
piglin_preferred_weapons 1370,1330
piglin_repellents 393,1395,1407
piglin_safe_armor 1002,1003,1004,1005
pillager_preferred_weapons 1370
planks 63,64,65,66,67,69,70,73,74,71,72,68
rabbit_food 1257,1262,256
rails 863,861,862,864
redstone_ores 99,100
repairs_chain_armor 932
repairs_copper_armor 934
repairs_diamond_armor 926
repairs_gold_armor 936
repairs_iron_armor 932
repairs_leather_armor 1045
repairs_netherite_armor 937
repairs_turtle_helmet 916
repairs_wolf_armor 917
sand 86,89,87
saplings 76,77,78,79,80,82,83,232,233,84,81
shearable_from_copper_golem 260
sheep_food 980
shovels 965,950,955,970,940,960,945
shulker_boxes 609,610,611,612,613,614,615,616,617,618,619,620,621,622,623,624,625
signs 1016,1017,1018,1020,1019,1022,1023,1026,1027,1024,1025,1021
skeleton_preferred_weapons 922
skulls 1265,1267,1266,1263,1264,1268,1269
slabs 298,299,300,301,302,304,305,309,310,306,307,303,308,311,312,318,313,324,321,322,317,316,320,315,325,326,327,727,728,729,730,731,732,733,734,735,736,737,738,739,314,323,1417,1425,1421,740,741,743,742,319,13,18,22,444,41,45,49,28,32,36,153,154,155,156,157,158,159,160
small_flowers 256,258,260,261,262,263,264,265,266,267,268,269,270,271,272,259,257
smelts_to_glass 86,89
sniffer_food 1315
soul_fire_base_blocks 388,389
spears 1331,1327,1330,1332,1326,1329,1328
spruce_logs 162,199,176,187
stairs 469,470,471,472,473,475,476,480,481,477,478,474,479,364,466,456,448,447,356,513,600,594,593,595,709,710,711,712,713,714,715,716,717,718,719,720,721,722,1418,1426,1422,723,724,726,725,449,14,19,23,443,42,46,50,29,33,37,145,146,147,148,149,150,151,152
stone_bricks 403,404,405,406
stone_buttons 777,778
stone_crafting_materials 62,1416,9
stone_tool_materials 62,1416,9
strider_food 278
strider_tempt_items 278,888
sulfur_cube_archetype/bouncy 63,64,65,66,67,69,70,73,74,71,72,68,75,168,205,181,192,167,204,182,193,161,198,175,186,165,202,179,190,163,200,177,188,164,201,178,189,162,199,176,187,169,206,183,194,166,203,180,191,172,184,207,195,173,185,208,196,174,197
sulfur_cube_archetype/explosive 774
sulfur_cube_archetype/fast_flat 682,683,684,685,686,677,678,679,680,681,220,221,1056,290,293,441,442,446,437,532,384,385,386,1452,1454,1453
sulfur_cube_archetype/fast_sliding 707,550,367
sulfur_cube_archetype/high_resistance 388,389
sulfur_cube_archetype/hot 603
sulfur_cube_archetype/light 240,241,242,243,244,245,246,247,248,249,250,251,252,253,254,255
sulfur_cube_archetype/regular 658,659,660,661,662,663,664,665,666,667,668,669,670,671,672,673,59,171,407,110,55,56,58,57,54,370,607
sulfur_cube_archetype/slow_bouncy 115,6,390,1416,332,11,52,413,454,1423,509,598,226,406,39,16,25,40,48,9,62,410,412,453,1427,405,60,1415,599,227,592,8,409,411,127,4,53,468,463,464,1419,395,2,224,348,404,408,452,387,754,349,7,391,1420,1424,44,10,5,3,31,17,590,591,354,355,510,511,108,512,606,597,775,225,596,392,328,329,330,331,1,403,26,35,12,21,61,642,643,644,645,646,647,648,649,650,651,652,653,654,655,656,657,91,92,103,104,99,100,105,106,101,102,549,514,515,516,517,518,519,520,521,522,523,524,525,526,527,528,529,626,627,628,629,630,631,632,633,634,635,636,637,638,639,640,641
sulfur_cube_archetype/slow_flat 117,126,112,113,111,97,107,98,93,94,95,96,128,109,118,119,120,121,122,123,124,125,1508,1509,1510,1511,1512,1513,1514,1515,137,138,139,140,141,142,143,144,129,130,131,132,133,134,135,136
sulfur_cube_archetype/slow_sliding 415,416,417,450,604,605,1408
sulfur_cube_archetype/sticky 1413
sulfur_cube_food 1059
sulfur_cube_swallowable 63,64,65,66,67,69,70,73,74,71,72,68,75,168,205,181,192,167,204,182,193,161,198,175,186,165,202,179,190,163,200,177,188,164,201,178,189,162,199,176,187,169,206,183,194,166,203,180,191,172,184,207,195,173,185,208,196,174,197,658,659,660,661,662,663,664,665,666,667,668,669,670,671,672,673,59,171,407,110,55,56,58,57,54,370,607,117,126,112,113,111,97,107,98,93,94,95,96,128,109,118,119,120,121,122,123,124,125,1508,1509,1510,1511,1512,1513,1514,1515,137,138,139,140,141,142,143,144,129,130,131,132,133,134,135,136,682,683,684,685,686,677,678,679,680,681,220,221,1056,290,293,441,442,446,437,532,384,385,386,1452,1454,1453,240,241,242,243,244,245,246,247,248,249,250,251,252,253,254,255,707,550,367,415,416,417,450,604,605,1408,1413,388,389,774,603,115,6,390,1416,332,11,52,413,454,1423,509,598,226,406,39,16,25,40,48,9,62,410,412,453,1427,405,60,1415,599,227,592,8,409,411,127,4,53,468,463,464,1419,395,2,224,348,404,408,452,387,754,349,7,391,1420,1424,44,10,5,3,31,17,590,591,354,355,510,511,108,512,606,597,775,225,596,392,328,329,330,331,1,403,26,35,12,21,61,642,643,644,645,646,647,648,649,650,651,652,653,654,655,656,657,91,92,103,104,99,100,105,106,101,102,549,514,515,516,517,518,519,520,521,522,523,524,525,526,527,528,529,626,627,628,629,630,631,632,633,634,635,636,637,638,639,640,641
swords 964,949,954,969,939,959,944
terracotta 549,514,515,516,517,518,519,520,521,522,523,524,525,526,527,528,529
trapdoors 833,831,835,836,832,829,830,839,840,837,838,834,828,841,842,843,844,845,846,847,848
trim_materials 930,934,926,927,936,932,928,937,929,745,1276
trimmable_armor 985,989,993,1005,997,1001,1009,984,988,992,1004,996,1000,1008,983,987,991,1003,995,999,1007,982,986,990,1002,994,998,1006,915
turtle_food 238
villager_picks_up 979,1258,1257,1318,1315,1316,981,980,1317
villager_plantable_seeds 979,1258,1257,1318,1315,1316
walls 484,485,486,487,488,489,490,491,493,494,495,496,497,498,499,501,500,502,503,505,504,492,15,20,24,445,43,47,51,30,34,38
warped_stems 173,185,208,196
wart_blocks 604,605
wither_skeleton_disliked_weapons 922,1370
wolf_collar_dyes 1095,1096,1097,1098,1099,1100,1101,1102,1103,1104,1105,1106,1107,1108,1109,1110
wolf_food 1139,1141,1140,1142,1295,1012,1280,1294,1011,1279,1143,1086,1090,1087,1091,1088,1089,1281
wooden_buttons 779,780,781,782,783,785,786,789,790,787,788,784
wooden_doors 808,809,810,811,812,814,815,818,819,816,817,813
wooden_fences 372,376,378,379,373,374,375,382,383,380,381,377
wooden_pressure_plates 795,796,797,798,799,801,802,805,806,803,804,800
wooden_shelves 333,334,335,336,337,338,339,340,341,342,343,344
wooden_slabs 298,299,300,301,302,304,305,309,310,306,307,303
wooden_stairs 469,470,471,472,473,475,476,480,481,477,478,474
wooden_tool_materials 63,64,65,66,67,69,70,73,74,71,72,68
wooden_trapdoors 833,831,835,836,832,829,830,839,840,837,838,834
wool 240,241,242,243,244,245,246,247,248,249,250,251,252,253,254,255
wool_carpets 533,534,535,536,537,538,539,540,541,542,543,544,545,546,547,548
zombie_horse_food 276
tags painting_variant 1
placeable 24,1,0,2,5,32,47,35,12,37,42,13,46,22,26,8,40,45,39,50,19,33,31,7,38,15,4,23,27,36,44,3,6,9,10,11,17,18,20,25,28,29,30,34,41,43,14
tags point_of_interest_type 3
acquirable_job_site 0,1,2,3,4,5,6,7,8,9,10,11,12
bee_home 15,16
village 0,1,2,3,4,5,6,7,8,9,10,11,12,13,14
tags potion 1
tradeable 42,44,45,43,4,5,6,7,11,12,8,9,10,16,17,18,19,20,21,13,14,15,22,23,24,25,26,27,28,29,30,31,32,33,34,35,36,37,38,40,41
tags timeline 4
in_end 3
in_nether 3
in_overworld 3,0,2,1
universal 3
tags worldgen/biome 68
allows_surface_slime_spawns 55,31
allows_tropical_fish_spawns_at_any_height 30
has_structure/ancient_city 10
has_structure/bastion_remnant 7,34,49,60
has_structure/buried_treasure 3,45
has_structure/desert_pyramid 14
has_structure/end_city 17,18
has_structure/igloo 48,46,47
has_structure/jungle_temple 1,28
has_structure/mineshaft 11,9,13,12,22,35,6,29,59,41,24,3,45,32,23,27,51,47,5,63,61,62,56,48,37,38,1,28,50,21,20,4,36,8,39,25,52,33,26,64,14,42,46,40,54,55,31,43,15,30,53
has_structure/mineshaft_mesa 0,19,65
has_structure/nether_fortress 34,49,7,60,2
has_structure/nether_fossil 49
has_structure/ocean_monument 11,9,13,12
has_structure/ocean_ruin_cold 22,6,35,11,9,13
has_structure/ocean_ruin_warm 29,59,12
has_structure/pillager_outpost 14,40,42,46,56,32,23,27,51,47,5,25
has_structure/ruined_portal_desert 14
has_structure/ruined_portal_jungle 1,28,50
has_structure/ruined_portal_mountain 0,19,65,63,61,62,43,64,52,32,23,27,51,47,5
has_structure/ruined_portal_nether 34,49,7,60,2
has_structure/ruined_portal_ocean 11,9,13,12,22,35,6,29,59
has_structure/ruined_portal_standard 3,45,41,24,56,48,37,38,21,20,4,36,8,39,25,33,26,15,30,53,42,46,40,54
has_structure/ruined_portal_swamp 55,31
has_structure/shipwreck 11,9,13,12,22,35,6,29,59
has_structure/shipwreck_beached 3,45
has_structure/stronghold 33,11,22,9,6,13,35,12,29,59,52,55,31,47,46,45,62,25,63,48,61,56,40,32,3,21,38,20,4,8,39,43,42,28,0,14,65,27,51,24,41,26,37,54,36,50,1,19,64,5,23,15,30,53,10
has_structure/swamp_hut 55
has_structure/trail_ruins 56,48,37,38,36,28
has_structure/trial_chambers 33,11,22,9,6,13,35,12,29,59,52,55,31,47,46,45,62,25,63,48,61,56,40,32,3,21,38,20,4,8,39,43,42,28,0,14,65,27,51,24,41,26,37,54,36,50,1,19,64,5,23,15,30,53
has_structure/village_desert 14
has_structure/village_plains 40,32
has_structure/village_savanna 42
has_structure/village_snowy 46
has_structure/village_taiga 56
has_structure/woodland_mansion 8,39
is_badlands 0,19,65
is_beach 3,45
is_deep_ocean 11,9,13,12
is_end 57,17,18,44,16
is_forest 21,20,4,36,8,39,25
is_hill 63,61,62
is_jungle 1,28,50
is_mountain 32,23,27,51,47,5
is_nether 34,49,7,60,2
is_ocean 11,9,13,12,22,35,6,29,59
is_overworld 33,11,22,9,6,13,35,12,29,59,52,55,31,47,46,45,62,25,63,48,61,56,40,32,3,21,38,20,4,8,39,43,42,28,0,14,65,27,51,24,41,26,37,54,36,50,1,19,64,5,23,15,30,53,10
is_river 41,24
is_savanna 42,43,64
is_taiga 56,48,37,38
mineshaft_blocking 10
more_frequent_drowned_spawns 41,24
polar_bears_spawn_on_alternate_blocks 22,11
produces_corals_from_bonemeal 59
reduce_water_ambient_spawns 41,24
required_ocean_monument_surrounding 11,9,13,12,22,35,6,29,59,41,24
spawns_cold_variant_farm_animals 46,26,23,27,47,22,11,25,10,24,48,45,57,17,18,44,16,6,9,37,38,56,61,62,63,51
spawns_cold_variant_frogs 46,26,23,27,47,22,11,25,10,24,48,45,57,17,18,44,16
spawns_coral_variant_zombie_nautilus 59
spawns_gold_rabbits 14
spawns_snow_foxes 46,26,22,48,24,45,23,27,47,25
spawns_warm_variant_farm_animals 14,59,1,28,50,42,43,64,34,49,7,60,2,0,19,65,31,12,29
spawns_warm_variant_frogs 14,59,1,28,50,42,43,64,34,49,7,60,2,0,19,65,31
spawns_white_rabbits 46,26,22,48,24,45,23,27,47,25
stronghold_biased_to 40,54,46,26,14,21,20,4,8,39,36,37,38,56,48,42,43,63,62,61,64,28,50,1,0,19,65,32,5,25,47,23,27,51,33,15,30,53
water_on_map_outlines 11,9,13,12,22,35,6,29,59,41,24,55,31
without_wandering_trader_spawns 58
without_zombie_sieges 33
features 1
vanilla
