registry worldgen/biome 65
badlands
bamboo_jungle
basalt_deltas
beach
birch_forest
cherry_grove
cold_ocean
crimson_forest
dark_forest
deep_cold_ocean
deep_dark
deep_frozen_ocean
deep_lukewarm_ocean
deep_ocean
desert
dripstone_caves
end_barrens
end_highlands
end_midlands
eroded_badlands
flower_forest
forest
frozen_ocean
frozen_peaks
frozen_river
grove
ice_spikes
jagged_peaks
jungle
lukewarm_ocean
lush_caves
mangrove_swamp
meadow
mushroom_fields
nether_wastes
ocean
old_growth_birch_forest
old_growth_pine_taiga
old_growth_spruce_taiga
pale_garden
plains
river
savanna
savanna_plateau
small_end_islands
snowy_beach
snowy_plains
snowy_slopes
snowy_taiga
soul_sand_valley
sparse_jungle
stony_peaks
stony_shore
sunflower_plains
swamp
taiga
the_end
the_void
warm_ocean
warped_forest
windswept_forest
windswept_gravelly_hills
windswept_hills
windswept_savanna
wooded_badlands
registry chat_type 7
chat
emote_command
msg_command_incoming
msg_command_outgoing
say_command
team_msg_command_incoming
team_msg_command_outgoing
registry trim_pattern 18
bolt
coast
dune
eye
flow
host
raiser
rib
sentry
shaper
silence
snout
spire
tide
vex
ward
wayfinder
wild
registry trim_material 11
amethyst
copper
diamond
emerald
gold
iron
lapis
netherite
quartz
redstone
resin
registry wolf_variant 9
ashen
black
chestnut
pale
rusty
snowy
spotted
striped
woods
registry wolf_sound_variant 7
angry
big
classic
cute
grumpy
puglin
sad
registry pig_variant 3
cold
temperate
warm
registry frog_variant 3
cold
temperate
warm
registry cat_variant 11
all_black
black
british_shorthair
calico
jellie
persian
ragdoll
red
siamese
tabby
white
registry cow_variant 3
cold
temperate
warm
registry chicken_variant 3
cold
temperate
warm
registry painting_variant 50
alban
aztec
aztec2
backyard
baroque
bomb
bouquet
burning_skull
bust
cavebird
changing
cotan
courbet
creebet
donkey_kong
earth
endboss
fern
fighters
finding
fire
graham
humble
kebab
lowmist
match
meditative
orb
owlemons
passage
pigscene
plant
pointer
pond
pool
prairie_ride
sea
skeleton
skull_and_roses
stage
sunflowers
sunset
tides
unpacked
void
wanderer
wasteland
water
wind
wither
registry dimension_type 4
overworld
overworld_caves
the_end
the_nether
registry damage_type 49
arrow
bad_respawn_point
cactus
campfire
cramming
dragon_breath
drown
dry_out
ender_pearl
explosion
fall
falling_anvil
falling_block
falling_stalactite
fireball
fireworks
fly_into_wall
freeze
generic
generic_kill
hot_floor
in_fire
in_wall
indirect_magic
lava
lightning_bolt
mace_smash
magic
mob_attack
mob_attack_no_aggro
mob_projectile
on_fire
out_of_world
outside_border
player_attack
player_explosion
sonic_boom
spit
stalagmite
starve
sting
sweet_berry_bush
thorns
thrown
trident
unattributed_fireball
wind_charge
wither
wither_skull
registry banner_pattern 43
base
border
bricks
circle
creeper
cross
curly_border
diagonal_left
diagonal_right
diagonal_up_left
diagonal_up_right
flow
flower
globe
gradient
gradient_up
guster
half_horizontal
half_horizontal_bottom
half_vertical
half_vertical_right
mojang
piglin
rhombus
skull
small_stripes
square_bottom_left
square_bottom_right
square_top_left
square_top_right
straight_cross
stripe_bottom
stripe_center
stripe_downleft
stripe_downright
stripe_left
stripe_middle
stripe_right
stripe_top
triangle_bottom
triangle_top
triangles_bottom
triangles_top
registry enchantment 42
aqua_affinity
bane_of_arthropods
binding_curse
blast_protection
breach
channeling
density
depth_strider
efficiency
feather_falling
fire_aspect
fire_protection
flame
fortune
frost_walker
impaling
infinity
knockback
looting
loyalty
luck_of_the_sea
lure
mending
multishot
piercing
power
projectile_protection
protection
punch
quick_charge
respiration
riptide
sharpness
silk_touch
smite
soul_speed
sweeping_edge
swift_sneak
thorns
unbreaking
vanishing_curse
wind_burst
registry jukebox_song 20
11
13
5
blocks
cat
chirp
creator
creator_music_box
far
mall
mellohi
otherside
pigstep
precipice
relic
stal
strad
tears
wait
ward
registry instrument 8
admire_goat_horn
call_goat_horn
dream_goat_horn
feel_goat_horn
ponder_goat_horn
seek_goat_horn
sing_goat_horn
yearn_goat_horn
registry test_environment 1
default
registry test_instance 1
always_pass
registry dialog 3
custom_options
quick_actions
server_links
tags banner_pattern 11
no_item_required 26,27,28,29,31,38,35,37,32,36,34,33,25,5,30,39,40,41,42,7,10,9,8,3,23,19,17,20,18,1,14,15
pattern_item/bordure_indented 6
pattern_item/creeper 4
pattern_item/field_masoned 2
pattern_item/flow 11
pattern_item/flower 12
pattern_item/globe 13
pattern_item/guster 16
pattern_item/mojang 21
pattern_item/piglin 22
pattern_item/skull 24
tags block 194
acacia_logs 53,75,64,83
air 0,762,763
all_hanging_signs 221,222,223,224,225,226,227,228,229,230,231,232,233,234,235,236,237,238,239,240,242,243,241,244
all_signs 197,198,199,200,202,203,204,861,862,205,206,201,211,212,213,214,216,217,218,863,864,219,220,215,221,222,223,224,225,226,227,228,229,230,231,232,233,234,235,236,237,238,239,240,242,243,241,244
ancient_city_replaceable 1060,1073,1069,1075,1071,1074,1072,1076,1061,1078,1079,147
animals_spawnable_on 8
anvil 435,436,437
armadillo_spawnable_on 8,522,452,456,453,466,464,460,39,10
axolotls_spawnable_on 268
azalea_grows_on 9,8,11,10,342,1058,1053,1097,1059,59,37,39,38,522,452,453,454,455,456,457,458,459,460,461,462,463,464,465,466,467,265,960
azalea_root_replaceable 1,2,4,6,944,1060,9,8,11,10,342,1058,1053,1097,1059,59,522,452,453,454,455,456,457,458,459,460,461,462,463,464,465,466,467,39,268,40,37,265,960
badlands_terracotta 522,452,456,453,466,464,460
bamboo_blocks 60,70
bamboo_plantable_on 37,39,38,9,8,11,10,342,1058,1053,1097,1059,59,760,759,40,41
banners 531,532,533,534,535,536,537,538,539,540,541,542,543,544,545,546,547,548,549,550,551,552,553,554,555,556,557,558,559,560,561,562
base_stone_nether 272,275,884
base_stone_overworld 1,2,4,6,944,1060
bats_spawnable_on 1,2,4,6,944,1060
beacon_base_blocks 875,372,192,173,174
beds 124,125,121,122,119,117,123,113,118,115,112,111,116,120,110,114
bee_attractive 157,1100,159,160,161,162,163,164,165,166,167,168,170,169,158,525,526,528,527,632,98,1048,33,93,1050,1051,625,1046,267
bee_growables 633,409,410,194,334,333,630,631,821,1044,1045
beehives 871,872
big_dripleaf_placeable 268,1053,9,8,11,10,342,1058,1059,59,195
birch_logs 51,73,62,81
blocks_wind_charge_explosions 492,34
buttons 411,412,413,414,415,417,418,857,858,419,420,416,262,899
camel_sand_step_sound_blocks 37,39,38,694,695,696,697,698,699,700,701,702,703,704,705,706,707,708,709
camels_spawnable_on 37,39,38
campfires 819,820
candle_cakes 921,922,923,924,925,926,927,928,929,930,931,932,933,934,935,936,937
candles 904,905,906,907,908,909,910,911,912,913,914,915,916,917,918,919,920
cauldrons 356,357,358,359
cave_vines 1045,1044
ceiling_hanging_signs 221,222,223,224,225,226,227,228,229,230,231,232
cherry_logs 54,76,65,84
climbable 208,335,805,838,839,840,841,1044,1045
coal_ores 46,47
combination_step_sound_blocks 506,507,508,509,510,511,512,513,514,515,516,517,518,519,520,521,1049,1098,263,830,829,842,337
completes_find_tree_tutorial 55,77,66,85,56,20,67,86,49,71,68,79,53,75,64,83,51,73,62,81,52,74,63,82,50,72,61,80,57,78,69,87,54,76,65,84,831,832,833,834,822,823,824,825,91,88,89,95,94,92,90,97,98,96,93,640,828
concrete_powder 694,695,696,697,698,699,700,701,702,703,704,705,706,707,708,709
convertable_to_mud 9,10,1058
copper_ores 971,972
coral_blocks 721,722,723,724,725
coral_plants 731,732,733,734,735
corals 731,732,733,734,735,741,742,743,744,745
crimson_stems 831,832,833,834
crops 633,409,410,194,334,333,630,631
crystal_sound_blocks 938,939
dampens_vibrations 140,141,142,143,144,145,146,147,148,149,150,151,152,153,154,155,506,507,508,509,510,511,512,513,514,515,516,517,518,519,520,521
dark_oak_logs 55,77,66,85
deepslate_ore_replaceables 1060,944
diamond_ores 190,191
dirt 9,8,11,10,342,1058,1053,1097,1059,59
does_not_block_hoppers 871,872
doors 207,614,615,616,617,619,620,859,860,621,622,618,1009,1010,1012,1011,1013,1014,1016,1015,247
dragon_immune 492,34,360,361,635,376,636,637,865,866,156,180,877,362,326,878,1091,867,868
dragon_transparent 493,183,184
dripstone_replaceable_blocks 1,2,4,6,944,1060
dry_vegetation_may_place_on 37,39,38,522,452,453,454,455,456,457,458,459,460,461,462,463,464,465,466,467,9,8,11,10,342,1058,1053,1097,1059,59,195
edible_for_sheep 130,134,135,131
emerald_ores 367,368
enchantment_power_provider 177
enchantment_power_transmitter 0,35,36,130,131,132,133,134,135,136,137,183,184,263,335,336,337,493,529,530,643,762,763,764,829,830,842,1052,1057
enderman_holdable 157,1100,159,160,161,162,163,164,165,166,167,168,170,169,158,1101,9,8,11,10,342,1058,1053,1097,1059,59,37,39,40,171,172,176,266,268,329,281,330,836,835,842,827,826,829,267
fall_damage_resetting 208,335,805,838,839,840,841,1044,1045,821,129
features_cannot_replace 34,185,188,361,1091,1094,1095
fence_gates 599,597,601,602,598,338,596,853,854,603,604,600
fences 271,608,610,611,605,606,607,849,850,612,613,609,351
fire 183,184
flower_pots 380,1102,1103,393,394,395,396,397,398,399,400,401,392,382,383,384,385,386,388,389,405,406,407,391,408,402,403,404,761,879,880,881,882,1085,1086,390,387,381
flowers 157,1100,159,160,161,162,163,164,165,166,167,168,170,169,158,1101,525,526,528,527,632,98,1048,33,93,1050,1051,625,1046,267
foxes_spawnable_on 8,263,265,11,10
frog_prefer_jump_to 343,1054
frogs_spawnable_on 8,1059,58,59
geode_invalid_blocks 34,35,36,264,524,757
goats_spawnable_on 8,1,263,265,524,40
gold_ores 42,48,43
guarded_by_piglins 173,807,188,369,895,438,1084,645,661,657,658,655,653,659,649,654,651,648,647,652,656,660,646,650,42,48,43
happy_ghast_avoids 821,266,169,639,183,1042
hoglin_repellents 827,880,280,878
ice 264,524,757,638
impermeable 101,285,286,287,288,289,290,291,292,293,294,295,296,297,298,299,300,959
incorrect_for_diamond_tool 
incorrect_for_gold_tool 180,877,875,878,876,192,190,191,367,368,372,173,1084,42,43,258,259,174,1082,44,45,104,102,103,967,1083,971,972,992,988,976,969,990,986,974,970,989,985,973,968,991,987,975,993,1008,1004,1000,994,1006,1002,998,995,1007,1003,999,996,1005,1001,997,1041,1093,980,979,978,977,984,983,982,981,1025,1026,1027,1028,1029,1030,1031,1032,1033,1034,1035,1036,1037,1038,1039,1040,1017,1018,1020,1019,1021,1022,1024,1023
incorrect_for_iron_tool 180,877,875,878,876
incorrect_for_netherite_tool 
incorrect_for_stone_tool 180,877,875,878,876,192,190,191,367,368,372,173,1084,42,43,258,259
incorrect_for_wooden_tool 180,877,875,878,876,192,190,191,367,368,372,173,1084,42,43,258,259,174,1082,44,45,104,102,103,967,1083,971,972,992,988,976,969,990,986,974,970,989,985,973,968,991,987,975,993,1008,1004,1000,994,1006,1002,998,995,1007,1003,999,996,1005,1001,997,1041,1093,980,979,978,977,984,983,982,981,1025,1026,1027,1028,1029,1030,1031,1032,1033,1034,1035,1036,1037,1038,1039,1040,1017,1018,1020,1019,1021,1022,1024,1023
infiniburn_end 272,639,34
infiniburn_nether 272,639
infiniburn_overworld 272,639
inside_step_sound_blocks 960,964,336,343,943,1050,1051,1052
invalid_spawn_inside 360,635
iron_ores 44,45
jungle_logs 52,74,63,82
lapis_ores 102,103
lava_pool_stone_cannot_replace 34,185,188,361,1091,1094,1095,91,88,89,95,94,92,90,97,98,96,93,55,77,66,85,56,20,67,86,49,71,68,79,53,75,64,83,51,73,62,81,52,74,63,82,50,72,61,80,57,78,69,87,54,76,65,84,831,832,833,834,822,823,824,825
leaves 91,88,89,95,94,92,90,97,98,96,93
logs 55,77,66,85,56,20,67,86,49,71,68,79,53,75,64,83,51,73,62,81,52,74,63,82,50,72,61,80,57,78,69,87,54,76,65,84,831,832,833,834,822,823,824,825
logs_that_burn 55,77,66,85,56,20,67,86,49,71,68,79,53,75,64,83,51,73,62,81,52,74,63,82,50,72,61,80,57,78,69,87,54,76,65,84
lush_ground_replaceable 1,2,4,6,944,1060,1045,1044,9,8,11,10,342,1058,1053,1097,1059,59,268,40,37
maintains_farmland 333,331,334,332,633,409,410,630,158,631,194
mangrove_logs 57,78,69,87
mangrove_logs_can_grow_through 1059,59,58,96,57,33,1049,335
mangrove_roots_can_grow_through 1059,59,58,1049,335,33,263
mineable/axe 109,760,807,871,872,1055,1054,177,323,819,810,281,188,625,624,365,869,193,442,811,336,282,270,208,813,806,330,325,329,324,814,820,438,335,531,532,533,534,535,536,537,538,539,540,541,542,543,544,545,546,547,548,549,550,551,552,553,554,555,556,557,558,559,560,561,562,599,597,601,602,598,338,596,853,854,603,604,600,55,77,66,85,56,20,67,86,49,71,68,79,53,75,64,83,51,73,62,81,52,74,63,82,50,72,61,80,57,78,69,87,54,76,65,84,831,832,833,834,822,823,824,825,13,14,15,16,17,19,21,843,844,22,23,18,197,198,199,200,202,203,204,861,862,205,206,201,211,212,213,214,216,217,218,863,864,219,220,215,411,412,413,414,415,417,418,857,858,419,420,416,207,614,615,616,617,619,620,859,860,621,622,618,271,608,610,611,605,606,607,849,850,612,613,609,248,249,250,251,252,254,255,847,848,256,257,253,567,568,569,570,571,573,574,845,846,575,576,572,187,373,374,375,484,486,487,855,856,488,489,485,305,303,307,308,304,301,302,851,852,309,310,306,58,221,222,223,224,225,226,227,228,229,230,231,232,233,234,235,236,237,238,239,240,242,243,241,244,24,577,490,60,70,178,186
mineable/hoe 91,88,89,95,94,92,90,97,98,96,93,640,828,505,712,870,837,99,100,961,962,1053,1049,1097,1098,963,965,964,966
mineable/pickaxe 1,2,3,4,5,6,7,12,42,43,44,45,46,47,48,102,103,104,105,106,107,108,173,174,175,179,180,185,190,191,192,196,210,246,247,258,259,272,275,276,311,312,313,314,326,327,339,340,350,351,352,354,355,362,366,367,368,369,372,439,440,443,444,445,446,447,448,449,451,452,453,454,455,456,457,458,459,460,461,462,463,464,465,466,467,494,495,496,497,498,499,500,501,502,503,522,523,563,564,565,566,578,579,580,581,582,583,584,585,587,588,589,590,591,592,593,594,595,626,627,628,629,639,641,642,644,662,663,664,665,666,667,668,669,670,671,672,673,674,675,676,677,678,679,680,681,682,683,684,685,686,687,688,689,690,691,692,693,716,717,718,719,720,721,722,723,724,725,726,727,728,729,730,736,737,738,739,740,746,747,748,749,750,765,766,767,768,769,770,771,772,773,774,775,776,777,778,779,780,781,782,783,784,785,786,787,788,789,790,791,808,809,812,815,816,817,818,826,835,875,876,877,878,883,884,885,887,888,889,890,891,892,893,895,896,897,898,901,902,903,944,958,970,969,968,967,971,972,973,974,975,976,985,986,987,988,989,990,991,992,993,994,995,996,997,998,999,1000,1001,1002,1003,1004,1005,1006,1007,1008,1041,1042,1043,1060,1061,1062,1063,1065,1066,1067,1069,1070,1071,1073,1074,1075,1077,1078,1079,1081,1082,1083,1084,264,524,757,138,128,139,940,943,942,941,938,939,318,322,321,1080,317,320,319,262,899,378,379,792,793,794,795,796,797,799,800,801,802,803,804,886,894,900,1064,1068,1072,1076,798,947,951,956,348,645,661,657,658,655,653,659,649,654,651,648,647,652,656,660,646,650,435,436,437,356,357,358,359,209,126,127,450,758,316,341,586,315,1093,945,946,952,948,949,950,953,954,955,957,980,979,978,977,984,983,982,981,1025,1026,1027,1028,1029,1030,1031,1032,1033,1034,1035,1036,1037,1038,1039,1040,1009,1010,1012,1011,1013,1014,1016,1015,1017,1018,1020,1019,1021,1022,1024,1023,1096,345,347,346,349
mineable/shovel 268,9,10,11,195,8,40,342,37,39,265,263,273,634,274,1058,59,1059,38,41,694,695,696,697,698,699,700,701,702,703,704,705,706,707,708,709
mob_interactable_doors 207,614,615,616,617,619,620,859,860,621,622,618,1009,1010,1012,1011,1013,1014,1016,1015
mooshrooms_spawnable_on 342
moss_replaceable 1,2,4,6,944,1060,1045,1044,9,8,11,10,342,1058,1053,1097,1059,59
mushroom_grow_block 342,11,835,826
needs_diamond_tool 180,877,875,878,876
needs_iron_tool 192,190,191,367,368,372,173,1084,42,43,258,259
needs_stone_tool 174,1082,44,45,104,102,103,967,1083,971,972,992,988,976,969,990,986,974,970,989,985,973,968,991,987,975,993,1008,1004,1000,994,1006,1002,998,995,1007,1003,999,996,1005,1001,997,1041,1093,980,979,978,977,984,983,982,981,1025,1026,1027,1028,1029,1030,1031,1032,1033,1034,1035,1036,1037,1038,1039,1040,1017,1018,1020,1019,1021,1022,1024,1023
nether_carver_replaceables 1,2,4,6,944,1060,272,275,884,9,8,11,10,342,1058,1053,1097,1059,59,835,826,640,828,273,274
nylium 835,826
oak_logs 49,71,68,79
occludes_vibration_signals 140,141,142,143,144,145,146,147,148,149,150,151,152,153,154,155
overworld_carver_replaceables 1,2,4,6,944,1060,9,8,11,10,342,1058,1053,1097,1059,59,37,39,38,522,452,453,454,455,456,457,458,459,460,461,462,463,464,465,466,467,44,45,971,972,263,265,960,35,40,41,106,563,958,524,1082,1083
overworld_natural_logs 53,51,49,52,50,55,56,57,54
pale_oak_logs 56,20,67,86
parrots_spawnable_on 8,0,91,88,89,95,94,92,90,97,98,96,93,55,77,66,85,56,20,67,86,49,71,68,79,53,75,64,83,51,73,62,81,52,74,63,82,50,72,61,80,57,78,69,87,54,76,65,84,831,832,833,834,822,823,824,825
piglin_repellents 184,277,818,278,820
planks 13,14,15,16,17,19,21,843,844,22,23,18
polar_bears_spawnable_on_alternate 264
portals 280,360,635
pressure_plates 439,440,248,249,250,251,252,254,255,847,848,256,257,253,246,898
prevent_mob_spawning_inside 209,126,127,450
rabbits_spawnable_on 8,263,265,37
rails 209,126,127,450
redstone_ores 258,259
replaceable 0,35,36,130,131,132,133,134,135,136,137,183,184,263,335,336,337,493,529,530,643,762,763,764,829,830,842,1052,1057
replaceable_by_mushrooms 91,88,89,95,94,92,90,97,98,96,93,157,1100,159,160,161,162,163,164,165,166,167,168,170,169,158,1101,1098,130,131,132,335,336,525,526,527,528,529,530,1057,632,35,136,137,171,172,323,324,829,830,842,1052,134,135,133,1104
replaceable_by_trees 91,88,89,95,94,92,90,97,98,96,93,157,1100,159,160,161,162,163,164,165,166,167,168,170,169,158,1101,1098,130,131,132,335,336,525,526,527,528,529,530,1057,632,35,136,137,133,1104,829,830,842,1052,134,135
sand 37,39,38
saplings 25,26,27,28,29,31,32,1047,1048,33,30
sculk_replaceable 1,2,4,6,944,1060,9,8,11,10,342,1058,1053,1097,1059,59,522,452,453,454,455,456,457,458,459,460,461,462,463,464,465,466,467,835,826,272,275,884,37,39,40,273,274,958,1081,268,1043,362,563,106
sculk_replaceable_world_gen 1,2,4,6,944,1060,9,8,11,10,342,1058,1053,1097,1059,59,522,452,453,454,455,456,457,458,459,460,461,462,463,464,465,466,467,835,826,272,275,884,37,39,40,273,274,958,1081,268,1043,362,563,106,1073,1069,1061,1078,1079,1065
shulker_boxes 645,661,657,658,655,653,659,649,654,651,648,647,652,656,660,646,650
signs 197,198,199,200,202,203,204,861,862,205,206,201,211,212,213,214,216,217,218,863,864,219,220,215
slabs 567,568,569,570,571,573,574,845,846,575,576,572,577,578,579,585,580,591,588,589,584,583,587,582,501,502,503,779,780,781,782,783,784,785,786,787,788,789,790,791,581,590,887,892,897,1063,1067,1071,1075,1006,1007,1008,989,990,991,992,1005,586,945,949,954,347
small_dripleaf_placeable 268,1053
small_flowers 157,1100,159,160,161,162,163,164,165,166,167,168,170,169,158,1101
smelts_to_glass 37,39
snaps_goat_horn 53,51,49,52,50,55,56,57,54,1,524,44,46,971,367
sniffer_diggable_block 9,8,11,10,1058,1053,1097,1059,59
sniffer_egg_hatch_boost 1053
snow 263,265,960
snow_layer_can_survive_on 873,273,1059
snow_layer_cannot_survive_on 264,524,492
soul_fire_base_blocks 273,274
soul_speed_blocks 273,274
spruce_logs 50,72,61,80
stairs 187,373,374,375,484,486,487,855,856,488,489,485,490,210,366,352,340,339,628,449,566,499,498,500,765,766,767,768,769,770,771,772,773,774,775,776,777,778,885,893,896,1062,1066,1070,1074,985,986,987,988,1002,1003,1004,1001,341,946,950,955,346
standing_signs 197,198,199,200,202,203,204,861,862,205,206,201
stone_bricks 311,312,313,314
stone_buttons 262,899
stone_ore_replaceables 1,2,4,6
stone_pressure_plates 246,898
strider_warm_blocks 36
sword_efficient 91,88,89,95,94,92,90,97,98,96,93,335,336,329,281,282,330,365,1054,1055,624,625
sword_instantly_mines 760,759
terracotta 522,452,453,454,455,456,457,458,459,460,461,462,463,464,465,466,467
trail_ruins_replaceable 40
trapdoors 305,303,307,308,304,301,302,851,852,309,310,306,494,1017,1018,1020,1019,1021,1022,1024,1023
triggers_ambient_desert_dry_vegetation_block_sounds 522,452,453,454,455,456,457,458,459,460,461,462,463,464,465,466,467,37,39
triggers_ambient_desert_sand_block_sounds 37,39
triggers_ambient_dried_ghast_block_sounds 273,274
underwater_bonemeals 136,731,732,733,734,735,741,742,743,744,745,751,752,753,754,755
unstable_bottom_center 599,597,601,602,598,338,596,853,854,603,604,600
valid_spawn 8,11
vibration_resonators 938
wall_corals 751,752,753,754,755
wall_hanging_signs 233,234,235,236,237,238,239,240,242,243,241,244
wall_post_override 181,277,260,371,197,198,199,200,202,203,204,861,862,205,206,201,211,212,213,214,216,217,218,863,864,219,220,215,531,532,533,534,535,536,537,538,539,540,541,542,543,544,545,546,547,548,549,550,551,552,553,554,555,556,557,558,559,560,561,562,439,440,248,249,250,251,252,254,255,847,848,256,257,253,246,898,267
wall_signs 211,212,213,214,216,217,218,863,864,219,220,215
walls 378,379,792,793,794,795,796,797,799,800,801,802,803,804,886,894,900,1064,1068,1072,1076,798,947,951,956,348
warped_stems 822,823,824,825
wart_blocks 640,828
wither_immune 492,34,360,361,635,376,636,637,865,866,156,493,1091,867,868
wither_summon_base_blocks 273,274
wolves_spawnable_on 8,263,265,10,11
wooden_buttons 411,412,413,414,415,417,418,857,858,419,420,416
wooden_doors 207,614,615,616,617,619,620,859,860,621,622,618
wooden_fences 271,608,610,611,605,606,607,849,850,612,613,609
wooden_pressure_plates 248,249,250,251,252,254,255,847,848,256,257,253
wooden_slabs 567,568,569,570,571,573,574,845,846,575,576,572
wooden_stairs 187,373,374,375,484,486,487,855,856,488,489,485
wooden_trapdoors 305,303,307,308,304,301,302,851,852,309,310,306
wool 140,141,142,143,144,145,146,147,148,149,150,151,152,153,154,155
wool_carpets 506,507,508,509,510,511,512,513,514,515,516,517,518,519,520,521
tags damage_type 33
always_hurts_ender_dragons 15,9,35,1
always_kills_armor_stands 0,44,14,48,46
always_most_significant_fall 32
always_triggers_silverfish 27
avoids_guardian_thorns 27,42,15,9,35,1
burn_from_stepping 3,20
burns_armor_stands 31
bypasses_armor 31,22,4,6,16,18,47,5,39,10,8,17,38,27,23,32,19,36,33
bypasses_effects 39
bypasses_enchantments 36
bypasses_invulnerability 32,19
bypasses_resistance 32,19
bypasses_shield 31,22,4,6,16,18,47,5,39,10,8,17,38,27,23,32,19,36,33,2,3,7,11,13,20,21,24,25,41
bypasses_wolf_armor 32,19,4,6,7,17,22,23,27,33,39,42,47
can_break_armor_stand 35,34,26
damages_helmet 11,12,13
ignites_armor_stands 21,3
is_drowning 6
is_explosion 15,9,35,1
is_fall 10,8,38
is_fire 21,3,31,24,20,45,14
is_freezing 17
is_lightning 25
is_player_attack 34,26
is_projectile 0,44,30,45,14,48,43,46
mace_smash 26
no_anger 29
no_impact 6
no_knockback 9,35,1,21,25,31,24,20,22,4,6,39,2,10,8,16,32,18,27,47,5,7,41,17,38,33,19,3
panic_causes 2,17,20,21,24,25,31,0,5,9,14,15,23,27,28,30,35,36,40,43,44,45,46,47,48,34,26
panic_environmental_causes 2,17,20,21,24,25,31
witch_resistant_to 27,23,36,42
wither_immune_to 6
tags dialog 2
pause_screen_additions 
quick_actions 
tags enchantment 22
curse 2,40
double_trade_price 2,40,37,35,14,22,41
exclusive_set/armor 27,3,11,26
exclusive_set/boots 14,7
exclusive_set/bow 16,22
exclusive_set/crossbow 23,24
exclusive_set/damage 32,34,1,15,6,4
exclusive_set/mining 13,33
exclusive_set/riptide 19,5
in_enchanting_table 27,11,9,3,26,30,0,38,7,32,34,1,17,10,18,36,8,33,39,13,25,28,12,16,20,21,19,15,31,5,23,29,24,6,4
non_treasure 27,11,9,3,26,30,0,38,7,32,34,1,17,10,18,36,8,33,39,13,25,28,12,16,20,21,19,15,31,5,23,29,24,6,4
on_mob_spawn_equipment 27,11,9,3,26,30,0,38,7,32,34,1,17,10,18,36,8,33,39,13,25,28,12,16,20,21,19,15,31,5,23,29,24,6,4
on_random_loot 27,11,9,3,26,30,0,38,7,32,34,1,17,10,18,36,8,33,39,13,25,28,12,16,20,21,19,15,31,5,23,29,24,6,4,2,40,14,22
on_traded_equipment 27,11,9,3,26,30,0,38,7,32,34,1,17,10,18,36,8,33,39,13,25,28,12,16,20,21,19,15,31,5,23,29,24,6,4
prevents_bee_spawns_when_mining 33
prevents_decorated_pot_shattering 33
prevents_ice_melting 33
prevents_infested_spawns 33
smelts_loot 10
tooltip_order 2,40,31,5,41,14,32,34,1,15,25,6,4,24,36,23,10,12,17,28,27,3,11,26,9,13,18,33,20,8,29,21,30,0,35,37,7,38,19,39,16,22
tradeable 27,11,9,3,26,30,0,38,7,32,34,1,17,10,18,36,8,33,39,13,25,28,12,16,20,21,19,15,31,5,23,29,24,6,4,2,40,14,22
treasure 2,40,37,35,14,22,41
tags entity_type 39
aquatic 132,7,61,38,26,102,105,131,33,122,59,125
arrows 6,118
arthropod 11,40,109,119,21
axolotl_always_hostiles 36,61,38
axolotl_hunt_targets 131,102,105,26,122,59,125
beehive_inhabitors 11
boat 85,120,12,72,0,22,31,90,79,9
can_breathe_under_water 110,123,141,111,16,146,145,147,148,144,36,65,140,94,7,53,61,38,132,59,26,102,105,122,131,125,5
can_equip_harness 56
can_equip_saddle 64,111,146,34,84,95,124,19
can_turn_in_boats 17
can_wear_horse_armor 64
deflects_projectiles 17
dismounts_underwater 19,25,34,56,64,76,84,95,104,119,124,129,146
fall_damage_immune 68,116,107,2,10,11,14,20,25,55,56,94,78,87,93,140,17
followable_friendly_mobs 4,11,19,20,25,28,34,52,60,56,64,111,76,84,87,92,93,95,99,103,106,114,124,134,143
freeze_hurts_extra_types 124,14,78
freeze_immune_entity_types 123,99,116,140
frog_food 112,78
ignores_poison_and_regen 110,123,141,111,16,146,145,147,148,144,36,65,140,94
illager 44,66,98,135
illager_friends 44,66,98,135
immune_to_infested 109
immune_to_oozing 112
impact_projectiles 6,118,51,115,50,113,37,130,35,142,138,18
inverted_healing_and_harm 110,123,141,111,16,146,145,147,148,144,36,65,140,94
no_anger_from_wind_charge 17,110,16,123,145,65,119,21,112
non_controlling_rider 112,78
not_scary_for_pufferfish 132,61,38,26,102,105,131,33,122,59,125
powder_snow_walkable_mobs 103,40,109,52
raiders 44,98,104,135,66,139
redirectable_projectile 50,138,18
sensitive_to_bane_of_arthropods 11,40,109,119,21
sensitive_to_impaling 132,7,61,38,26,102,105,131,33,122,59,125
sensitive_to_smite 110,123,141,111,16,146,145,147,148,144,36,65,140,94
skeletons 110,123,141,111,16
undead 110,123,141,111,16,146,145,147,148,144,36,65,140,94
wither_friends 110,123,141,111,16,146,145,147,148,144,36,65,140,94
zombies 146,145,147,148,144,36,65
tags fluid 2
lava 4,3
water 2,1
tags game_event 5
allay_can_listen 33
ignore_vibrations_sneaking 26,36,41,42,29,28
shrieker_can_listen 37
vibrations 1,2,3,5,6,7,8,0,4,9,10,11,12,13,14,15,16,17,18,19,20,21,22,24,25,26,27,28,32,33,34,35,36,38,40,41,42,43,44,45,46,47,48,49,50,51,52,53,54,55,56,57,58,59,23
warden_can_listen 1,2,3,5,6,7,8,0,4,9,10,11,12,13,14,15,16,17,18,19,20,21,22,24,25,26,27,28,32,33,34,35,36,38,40,41,42,43,44,45,46,47,48,49,50,51,52,53,54,55,56,57,58,59,39,37
tags instrument 3
goat_horns 4,6,5,3,0,1,7,2
regular_goat_horns 4,6,5,3
screaming_goat_horns 0,1,7,2
tags item 179
acacia_logs 138,175,152,163
anvil 449,450,451
armadillo_food 1077
arrows 859,1241,1240
axes 898,883,888,903,878,893
axolotl_food 977
bamboo_blocks 147,170
banners 1214,1215,1216,1217,1218,1219,1220,1221,1222,1223,1224,1225,1226,1227,1228,1229
beacon_payment_items 873,863,862,872,868
beds 1055,1056,1052,1053,1050,1048,1054,1044,1049,1046,1043,1042,1047,1051,1041,1045
bee_food 229,230,232,233,234,235,236,237,238,239,240,241,242,243,244,495,496,498,497,245,192,206,57,187,258,259,313,246,329
birch_logs 136,173,150,161
boats 827,829,831,833,835,839,841,843,845,837,828,830,832,834,836,840,842,844,846,838
book_cloning_target 1170
bookshelf_books 984,1171,1194,1170,1247
breaks_decorated_pots 895,880,885,900,875,890,898,883,888,903,878,893,897,882,887,902,877,892,896,881,886,901,876,891,899,884,889,904,879,894,1270,1173
brewing_fuel 1079
bundles 991,1007,1003,1004,1001,999,1005,995,1000,997,994,993,998,1002,1006,996,992
buttons 715,716,717,718,719,721,722,725,726,723,724,720,713,714
camel_food 328
candles 1324,1325,1326,1327,1328,1329,1330,1331,1332,1333,1334,1335,1336,1337,1338,1339,1340
cat_food 1012,1013
cherry_logs 139,176,153,164
chest_armor 914,918,930,922,926,934
chest_boats 828,830,832,834,836,840,842,844,846,838
chicken_food 910,1064,1063,1236,1233,1234
cluster_max_harvestables 897,887,892,902,882,877
coal_ores 64,65
coals 860,861
compasses 989,990
completes_find_tree_tutorial 141,178,154,165,140,177,155,166,134,171,148,159,138,175,152,163,136,173,150,161,137,174,151,162,135,172,149,160,142,179,156,167,139,176,153,164,145,157,180,168,146,158,181,169,185,182,183,189,188,186,184,191,192,190,187,547,548
copper_ores 68,69
cow_food 911
creeper_drop_music_discs 1249,1250,1251,1252,1255,1256,1257,1258,1259,1260,1261,1262
creeper_igniters 855,1168
crimson_stems 145,157,180,168
dampens_vibrations 213,214,215,216,217,218,219,220,221,222,223,224,225,226,227,228,476,477,478,479,480,481,482,483,484,485,486,487,488,489,490,491
dark_oak_logs 141,178,154,165
decorated_pot_ingredients 980,1371,1372,1373,1374,1375,1376,1377,1378,1380,1382,1383,1384,1385,1386,1387,1388,1390,1391,1392,1393,1379,1381,1389
decorated_pot_sherds 1371,1372,1373,1374,1375,1376,1377,1378,1380,1382,1383,1384,1385,1386,1387,1388,1390,1391,1392,1393,1379,1381,1389
diamond_ores 78,79
diamond_tool_materials 862
dirt 28,27,30,29,393,31,262,265,32,144
doors 744,745,746,747,748,750,751,754,755,752,753,749,756,757,758,759,760,761,762,763,743
drowned_preferred_weapons 1270
duplicates_allays 866
dyeable 913,914,915,916,1208,854
eggs 986,987,988
emerald_ores 74,75
enchantable/armor 916,920,932,924,928,936,915,919,931,923,927,935,914,918,930,922,926,934,913,917,929,921,925,933,851
enchantable/bow 858
enchantable/chest_armor 914,918,930,922,926,934
enchantable/crossbow 1273
enchantable/durability 916,920,932,924,928,936,915,919,931,923,927,935,914,918,930,922,926,934,913,917,929,921,925,933,851,826,1243,895,880,885,900,875,890,898,883,888,903,878,893,897,882,887,902,877,892,896,881,886,901,876,891,899,884,889,904,879,894,858,1273,1270,855,1060,1351,1008,823,824,1173
enchantable/equippable 916,920,932,924,928,936,915,919,931,923,927,935,914,918,930,922,926,934,913,917,929,921,925,933,851,826,1185,1187,1186,1183,1184,1188,1189,345
enchantable/fire_aspect 895,880,885,900,875,890,1173
enchantable/fishing 1008
enchantable/foot_armor 916,920,932,924,928,936
enchantable/head_armor 913,917,929,921,925,933,851
enchantable/leg_armor 915,919,931,923,927,935
enchantable/mace 1173
enchantable/mining 898,883,888,903,878,893,897,882,887,902,877,892,896,881,886,901,876,891,899,884,889,904,879,894,1060
enchantable/mining_loot 898,883,888,903,878,893,897,882,887,902,877,892,896,881,886,901,876,891,899,884,889,904,879,894
enchantable/sharp_weapon 895,880,885,900,875,890,898,883,888,903,878,893
enchantable/sword 895,880,885,900,875,890
enchantable/trident 1270
enchantable/vanishing 916,920,932,924,928,936,915,919,931,923,927,935,914,918,930,922,926,934,913,917,929,921,925,933,851,826,1243,895,880,885,900,875,890,898,883,888,903,878,893,897,882,887,902,877,892,896,881,886,901,876,891,899,884,889,904,879,894,858,1273,1270,855,1060,1351,1008,823,824,1173,989,345,1185,1187,1186,1183,1184,1188,1189
enchantable/weapon 895,880,885,900,875,890,898,883,888,903,878,893,1173
fence_gates 789,787,791,792,788,785,786,795,796,793,794,790
fences 332,336,338,339,333,334,335,342,343,340,341,337,398
fishes 1012,1016,1013,1017,1015,1014
flowers 229,230,232,233,234,235,236,237,238,239,240,241,242,243,244,231,495,496,498,497,245,192,206,57,187,258,259,313,246,329
foot_armor 916,920,932,924,928,936
fox_food 1299,1300
freeze_immune_wearables 916,915,914,913,1208
frog_food 985
furnace_minecart_fuel 860,861
gaze_disguise_equipment 345
goat_food 911
gold_ores 70,80,71
gold_tool_materials 872
hanging_signs 955,956,957,959,960,958,961,962,965,966,963,964
happy_ghast_food 971
happy_ghast_tempt_items 971,802,803,804,805,806,807,808,809,810,811,812,813,814,815,816,817
harnesses 802,803,804,805,806,807,808,809,810,811,812,813,814,815,816,817
head_armor 913,917,929,921,925,933,851
hoes 899,884,889,904,879,894
hoglin_food 249
horse_food 911,1039,475,857,1177,1182,941,942
horse_tempt_items 1182,941,942
ignored_by_piglin_babies 972
iron_ores 66,67
iron_tool_materials 868
jungle_logs 137,174,151,162
lapis_ores 76,77
leaves 185,182,183,189,188,186,184,191,192,190,187
lectern_books 1171,1170
leg_armor 915,919,931,923,927,935
llama_food 911,475
llama_tempt_items 475
logs 141,178,154,165,140,177,155,166,134,171,148,159,138,175,152,163,136,173,150,161,137,174,151,162,135,172,149,160,142,179,156,167,139,176,153,164,145,157,180,168,146,158,181,169
logs_that_burn 141,178,154,165,140,177,155,166,134,171,148,159,138,175,152,163,136,173,150,161,137,174,151,162,135,172,149,160,142,179,156,167,139,176,153,164
mangrove_logs 142,179,156,167
map_invisibility_equipment 345
meat 1065,1067,1066,1068,1213,939,1200,1212,938,1199,1069
netherite_tool_materials 873
non_flammable_wood 146,158,181,169,145,157,180,168,46,47,281,282,741,742,342,343,775,776,795,796,423,424,725,726,754,755,953,954,966,965
noteblock_top_instruments 1186,1183,1187,1188,1184,1189,1185
oak_logs 134,171,148,159
ocelot_food 1012,1013
pale_oak_logs 140,177,155,166
panda_eats_from_ground 269,1040
panda_food 269
parrot_food 910,1064,1063,1236,1233,1234
parrot_poisonous_food 1057
pickaxes 897,882,887,902,877,892
pig_food 1177,1178,1235
piglin_food 938,939
piglin_loved 70,80,71,92,1314,729,872,1296,1009,1182,1084,941,942,929,930,931,932,1206,885,887,886,888,889,871,86
piglin_preferred_weapons 1273
piglin_repellents 353,1298,1302
piglin_safe_armor 929,930,931,932
pillager_preferred_weapons 1273
planks 36,37,38,39,40,42,43,46,47,44,45,41
rabbit_food 1177,1182,229
rails 799,797,798,800
redstone_ores 72,73
repairs_chain_armor 868
repairs_diamond_armor 862
repairs_gold_armor 872
repairs_iron_armor 868
repairs_leather_armor 972
repairs_netherite_armor 873
repairs_turtle_helmet 852
repairs_wolf_armor 853
sand 59,62,60
saplings 49,50,51,52,53,55,56,205,206,57,54
sheep_food 911
shovels 896,881,886,901,876,891
shulker_boxes 552,568,564,565,562,560,566,556,561,558,555,554,559,563,567,553,557
signs 943,944,945,947,946,949,950,953,954,951,952,948
skeleton_preferred_weapons 858
skulls 1185,1187,1186,1183,1184,1188,1189
slabs 270,271,272,273,274,276,277,281,282,278,279,275,280,283,284,290,285,296,293,294,289,288,292,287,297,298,299,670,671,672,673,674,675,676,677,678,679,680,681,682,286,295,1312,1320,1316,683,684,686,685,132,131,130,113,112,111,110,133,291,13,18,22,387
small_flowers 229,230,232,233,234,235,236,237,238,239,240,241,242,243,244,231
smelts_to_glass 59,62
sniffer_food 1233
soul_fire_base_blocks 348,349
spruce_logs 135,172,149,160
stairs 412,413,414,415,416,418,419,423,424,420,421,417,422,324,409,399,391,390,316,456,543,537,536,538,652,653,654,655,656,657,658,659,660,661,662,663,664,665,1313,1321,1317,666,667,669,668,109,108,107,106,128,127,126,129,392,14,19,23,386
stone_bricks 362,363,364,365
stone_buttons 713,714
stone_crafting_materials 35,1311,9
stone_tool_materials 35,1311,9
strider_food 250
strider_tempt_items 250,824
swords 895,880,885,900,875,890
terracotta 492,457,458,459,460,461,462,463,464,465,466,467,468,469,470,471,472
trapdoors 769,767,771,772,768,765,766,775,776,773,774,770,764,777,778,779,780,781,782,783,784
trim_materials 866,870,862,863,872,868,864,873,865,688,1196
trimmable_armor 916,920,932,924,928,936,915,919,931,923,927,935,914,918,930,922,926,934,913,917,929,921,925,933,851
turtle_food 211
villager_picks_up 910,1178,1177,1236,1233,1234,912,911,1235
villager_plantable_seeds 910,1178,1177,1236,1233,1234
walls 427,428,429,430,431,432,433,434,436,437,438,439,440,441,442,444,443,445,446,448,447,435,15,20,24,388
warped_stems 146,158,181,169
wart_blocks 547,548
wither_skeleton_disliked_weapons 858,1273
wolf_food 1065,1067,1066,1068,1213,939,1200,1212,938,1199,1069,1012,1016,1013,1017,1014,1015,1201
wooden_buttons 715,716,717,718,719,721,722,725,726,723,724,720
wooden_doors 744,745,746,747,748,750,751,754,755,752,753,749
wooden_fences 332,336,338,339,333,334,335,342,343,340,341,337
wooden_pressure_plates 731,732,733,734,735,737,738,741,742,739,740,736
wooden_slabs 270,271,272,273,274,276,277,281,282,278,279,275
wooden_stairs 412,413,414,415,416,418,419,423,424,420,421,417
wooden_tool_materials 36,37,38,39,40,42,43,46,47,44,45,41
wooden_trapdoors 769,767,771,772,768,765,766,775,776,773,774,770
wool 213,214,215,216,217,218,219,220,221,222,223,224,225,226,227,228
wool_carpets 476,477,478,479,480,481,482,483,484,485,486,487,488,489,490,491
tags painting_variant 1
placeable 23,1,0,2,5,31,46,34,12,36,41,13,45,21,25,8,39,44,38,49,18,32,30,7,37,14,4,22,26,35,43,3,6,9,10,11,16,17,19,24,27,28,29,33,40,42
tags point_of_interest_type 3
acquirable_job_site 0,1,2,3,4,5,6,7,8,9,10,11,12
bee_home 15,16
village 0,1,2,3,4,5,6,7,8,9,10,11,12,13,14
tags worldgen/biome 72
allows_surface_slime_spawns 54,31
allows_tropical_fish_spawns_at_any_height 30
has_closer_water_fog 54,31
has_structure/ancient_city 10
has_structure/bastion_remnant 7,34,49,59
has_structure/buried_treasure 3,45
has_structure/desert_pyramid 14
has_structure/end_city 17,18
has_structure/igloo 48,46,47
has_structure/jungle_temple 1,28
has_structure/mineshaft 11,9,13,12,22,35,6,29,58,41,24,3,45,32,23,27,51,47,5,62,60,61,55,48,37,38,1,28,50,21,20,4,36,8,39,25,52,33,26,63,14,42,46,40,53,54,31,43,15,30
has_structure/mineshaft_mesa 0,19,64
has_structure/nether_fortress 34,49,7,59,2
has_structure/nether_fossil 49
has_structure/ocean_monument 11,9,13,12
has_structure/ocean_ruin_cold 22,6,35,11,9,13
has_structure/ocean_ruin_warm 29,58,12
has_structure/pillager_outpost 14,40,42,46,55,32,23,27,51,47,5,25
has_structure/ruined_portal_desert 14
has_structure/ruined_portal_jungle 1,28,50
has_structure/ruined_portal_mountain 0,19,64,62,60,61,43,63,52,32,23,27,51,47,5
has_structure/ruined_portal_nether 34,49,7,59,2
has_structure/ruined_portal_ocean 11,9,13,12,22,35,6,29,58
has_structure/ruined_portal_standard 3,45,41,24,55,48,37,38,21,20,4,36,8,39,25,33,26,15,30,42,46,40,53
has_structure/ruined_portal_swamp 54,31
has_structure/shipwreck 11,9,13,12,22,35,6,29,58
has_structure/shipwreck_beached 3,45
has_structure/stronghold 33,11,22,9,6,13,35,12,29,58,52,54,31,47,46,45,61,25,62,48,60,55,40,32,3,21,38,20,4,8,39,43,42,28,0,14,64,27,51,24,41,26,37,53,36,50,1,19,63,5,23,15,30,10
has_structure/swamp_hut 54
has_structure/trail_ruins 55,48,37,38,36,28
has_structure/trial_chambers 33,11,22,9,6,13,35,12,29,58,52,54,31,47,46,45,61,25,62,48,60,55,40,32,3,21,38,20,4,8,39,43,42,28,0,14,64,27,51,24,41,26,37,53,36,50,1,19,63,5,23,15,30
has_structure/village_desert 14
has_structure/village_plains 40,32
has_structure/village_savanna 42
has_structure/village_snowy 46
has_structure/village_taiga 55
has_structure/woodland_mansion 8,39
increased_fire_burnout 1,33,31,47,23,27,54,28
is_badlands 0,19,64
is_beach 3,45
is_deep_ocean 11,9,13,12
is_end 56,17,18,44,16
is_forest 21,20,4,36,8,39,25
is_hill 62,60,61
is_jungle 1,28,50
is_mountain 32,23,27,51,47,5
is_nether 34,49,7,59,2
is_ocean 11,9,13,12,22,35,6,29,58
is_overworld 33,11,22,9,6,13,35,12,29,58,52,54,31,47,46,45,61,25,62,48,60,55,40,32,3,21,38,20,4,8,39,43,42,28,0,14,64,27,51,24,41,26,37,53,36,50,1,19,63,5,23,15,30,10
is_river 41,24
is_savanna 42,43,63
is_taiga 55,48,37,38
mineshaft_blocking 10
more_frequent_drowned_spawns 41,24
plays_underwater_music 11,9,13,12,22,35,6,29,58,41,24
polar_bears_spawn_on_alternate_blocks 22,11
produces_corals_from_bonemeal 58
reduce_water_ambient_spawns 41,24
required_ocean_monument_surrounding 11,9,13,12,22,35,6,29,58,41,24
snow_golem_melts 0,2,7,14,19,34,42,43,49,59,63,64
spawns_cold_variant_farm_animals 46,26,23,27,47,22,11,25,10,24,48,45,56,17,18,44,16,6,9,37,38,55,60,61,62,51
spawns_cold_variant_frogs 46,26,23,27,47,22,11,25,10,24,48,45,56,17,18,44,16
spawns_gold_rabbits 14
spawns_snow_foxes 46,26,22,48,24,45,23,27,47,25
spawns_warm_variant_farm_animals 14,58,1,28,50,42,43,63,34,49,7,59,2,0,19,64,31,12,29
spawns_warm_variant_frogs 14,58,1,28,50,42,43,63,34,49,7,59,2,0,19,64,31
spawns_white_rabbits 46,26,22,48,24,45,23,27,47,25
stronghold_biased_to 40,53,46,26,14,21,20,4,8,39,36,37,38,55,48,42,43,62,61,60,63,28,50,1,0,19,64,32,25,47,23,27,51,33,15,30
water_on_map_outlines 11,9,13,12,22,35,6,29,58,41,24,54,31
without_patrol_spawns 33
without_wandering_trader_spawns 57
without_zombie_sieges 33
features 1
vanilla
