registry worldgen/biome 65
badlands
bamboo_jungle
basalt_deltas
beach
birch_forest
cherry_grove
cold_ocean
crimson_forest
dark_forest
deep_cold_ocean
deep_dark
deep_frozen_ocean
deep_lukewarm_ocean
deep_ocean
desert
dripstone_caves
end_barrens
end_highlands
end_midlands
eroded_badlands
flower_forest
forest
frozen_ocean
frozen_peaks
frozen_river
grove
ice_spikes
jagged_peaks
jungle
lukewarm_ocean
lush_caves
mangrove_swamp
meadow
mushroom_fields
nether_wastes
ocean
old_growth_birch_forest
old_growth_pine_taiga
old_growth_spruce_taiga
pale_garden
plains
river
savanna
savanna_plateau
small_end_islands
snowy_beach
snowy_plains
snowy_slopes
snowy_taiga
soul_sand_valley
sparse_jungle
stony_peaks
stony_shore
sunflower_plains
swamp
taiga
the_end
the_void
warm_ocean
warped_forest
windswept_forest
windswept_gravelly_hills
windswept_hills
windswept_savanna
wooded_badlands
registry chat_type 7
chat
emote_command
msg_command_incoming
msg_command_outgoing
say_command
team_msg_command_incoming
team_msg_command_outgoing
registry trim_pattern 18
bolt
coast
dune
eye
flow
host
raiser
rib
sentry
shaper
silence
snout
spire
tide
vex
ward
wayfinder
wild
registry trim_material 11
amethyst
copper
diamond
emerald
gold
iron
lapis
netherite
quartz
redstone
resin
registry wolf_variant 9
ashen
black
chestnut
pale
rusty
snowy
spotted
striped
woods
registry painting_variant 50
alban
aztec
aztec2
backyard
baroque
bomb
bouquet
burning_skull
bust
cavebird
changing
cotan
courbet
creebet
donkey_kong
earth
endboss
fern
fighters
finding
fire
graham
humble
kebab
lowmist
match
meditative
orb
owlemons
passage
pigscene
plant
pointer
pond
pool
prairie_ride
sea
skeleton
skull_and_roses
stage
sunflowers
sunset
tides
unpacked
void
wanderer
wasteland
water
wind
wither
registry dimension_type 4
overworld
overworld_caves
the_end
the_nether
registry damage_type 49
arrow
bad_respawn_point
cactus
campfire
cramming
dragon_breath
drown
dry_out
ender_pearl
explosion
fall
falling_anvil
falling_block
falling_stalactite
fireball
fireworks
fly_into_wall
freeze
generic
generic_kill
hot_floor
in_fire
in_wall
indirect_magic
lava
lightning_bolt
mace_smash
magic
mob_attack
mob_attack_no_aggro
mob_projectile
on_fire
out_of_world
outside_border
player_attack
player_explosion
sonic_boom
spit
stalagmite
starve
sting
sweet_berry_bush
thorns
thrown
trident
unattributed_fireball
wind_charge
wither
wither_skull
registry banner_pattern 43
base
border
bricks
circle
creeper
cross
curly_border
diagonal_left
diagonal_right
diagonal_up_left
diagonal_up_right
flow
flower
globe
gradient
gradient_up
guster
half_horizontal
half_horizontal_bottom
half_vertical
half_vertical_right
mojang
piglin
rhombus
skull
small_stripes
square_bottom_left
square_bottom_right
square_top_left
square_top_right
straight_cross
stripe_bottom
stripe_center
stripe_downleft
stripe_downright
stripe_left
stripe_middle
stripe_right
stripe_top
triangle_bottom
triangle_top
triangles_bottom
triangles_top
registry enchantment 42
aqua_affinity
bane_of_arthropods
binding_curse
blast_protection
breach
channeling
density
depth_strider
efficiency
feather_falling
fire_aspect
fire_protection
flame
fortune
frost_walker
impaling
infinity
knockback
looting
loyalty
luck_of_the_sea
lure
mending
multishot
piercing
power
projectile_protection
protection
punch
quick_charge
respiration
riptide
sharpness
silk_touch
smite
soul_speed
sweeping_edge
swift_sneak
thorns
unbreaking
vanishing_curse
wind_burst
registry jukebox_song 19
11
13
5
blocks
cat
chirp
creator
creator_music_box
far
mall
mellohi
otherside
pigstep
precipice
relic
stal
strad
wait
ward
registry instrument 8
admire_goat_horn
call_goat_horn
dream_goat_horn
feel_goat_horn
ponder_goat_horn
seek_goat_horn
sing_goat_horn
yearn_goat_horn
tags banner_pattern 11
no_item_required 26,27,28,29,31,38,35,37,32,36,34,33,25,5,30,39,40,41,42,7,10,9,8,3,23,19,17,20,18,1,14,15
pattern_item/bordure_indented 6
pattern_item/creeper 4
pattern_item/field_masoned 2
pattern_item/flow 11
pattern_item/flower 12
pattern_item/globe 13
pattern_item/guster 16
pattern_item/mojang 21
pattern_item/piglin 22
pattern_item/skull 24
tags block 186
acacia_logs 53,75,64,83
air 0,757,758
all_hanging_signs 218,219,220,221,222,223,224,225,226,227,228,229,230,231,232,233,234,235,236,237,239,240,238,241
all_signs 194,195,196,197,199,200,201,856,857,202,203,198,208,209,210,211,213,214,215,858,859,216,217,212,218,219,220,221,222,223,224,225,226,227,228,229,230,231,232,233,234,235,236,237,239,240,238,241
ancient_city_replaceable 1051,1064,1060,1066,1062,1065,1063,1067,1052,1069,1070,144
animals_spawnable_on 8
anvil 431,432,433
armadillo_spawnable_on 8,518,448,452,449,462,460,456,39,10
axolotls_spawnable_on 264
azalea_grows_on 9,8,11,10,338,1049,1044,1088,1050,59,37,39,38,518,448,449,450,451,452,453,454,455,456,457,458,459,460,461,462,463,262,953
azalea_root_replaceable 1,2,4,6,937,1051,9,8,11,10,338,1049,1044,1088,1050,59,518,448,449,450,451,452,453,454,455,456,457,458,459,460,461,462,463,39,264,40,37,262,953
badlands_terracotta 518,448,452,449,462,460,456
bamboo_blocks 60,70
bamboo_plantable_on 37,39,38,9,8,11,10,338,1049,1044,1088,1050,59,755,754,40,41
banners 527,528,529,530,531,532,533,534,535,536,537,538,539,540,541,542,543,544,545,546,547,548,549,550,551,552,553,554,555,556,557,558
base_stone_nether 268,271,877
base_stone_overworld 1,2,4,6,937,1051
bats_spawnable_on 1,2,4,6,937,1051
beacon_base_blocks 868,368,189,170,171
beds 124,125,121,122,119,117,123,113,118,115,112,111,116,120,110,114
bee_attractive 154,1091,156,157,158,159,160,161,162,163,164,165,167,166,155,521,522,524,523,628,98,1041,33,93,1043,621,1039
bee_growables 629,405,406,191,330,329,626,627,816,1037,1038
beehives 864,865
big_dripleaf_placeable 264,1044,9,8,11,10,338,1049,1088,1050,59,192
birch_logs 51,73,62,81
blocks_wind_charge_explosions 488,34
buttons 407,408,409,410,411,413,414,852,853,415,416,412,259,892
camel_sand_step_sound_blocks 37,39,38,690,691,692,693,694,695,696,697,698,699,700,701,702,703,704,705
campfires 814,815
candle_cakes 914,915,916,917,918,919,920,921,922,923,924,925,926,927,928,929,930
candles 897,898,899,900,901,902,903,904,905,906,907,908,909,910,911,912,913
cauldrons 352,353,354,355
cave_vines 1038,1037
ceiling_hanging_signs 218,219,220,221,222,223,224,225,226,227,228,229
cherry_logs 54,76,65,84
climbable 205,331,800,833,834,835,836,1037,1038
coal_ores 46,47
combination_step_sound_blocks 502,503,504,505,506,507,508,509,510,511,512,513,514,515,516,517,1042,1089,260,825,824,837,333
completes_find_tree_tutorial 55,77,66,85,56,20,67,86,49,71,68,79,53,75,64,83,51,73,62,81,52,74,63,82,50,72,61,80,57,78,69,87,54,76,65,84,826,827,828,829,817,818,819,820,91,88,89,95,94,92,90,97,98,96,93,636,823
concrete_powder 690,691,692,693,694,695,696,697,698,699,700,701,702,703,704,705
convertable_to_mud 9,10,1049
copper_ores 964,965
coral_blocks 716,717,718,719,720
coral_plants 726,727,728,729,730
corals 726,727,728,729,730,736,737,738,739,740
crimson_stems 826,827,828,829
crops 629,405,406,191,330,329,626,627
crystal_sound_blocks 931,932
dampens_vibrations 137,138,139,140,141,142,143,144,145,146,147,148,149,150,151,152,502,503,504,505,506,507,508,509,510,511,512,513,514,515,516,517
dark_oak_logs 55,77,66,85
dead_bush_may_place_on 37,39,38,518,448,449,450,451,452,453,454,455,456,457,458,459,460,461,462,463,9,8,11,10,338,1049,1044,1088,1050,59
deepslate_ore_replaceables 1051,937
diamond_ores 187,188
dirt 9,8,11,10,338,1049,1044,1088,1050,59
does_not_block_hoppers 864,865
doors 204,610,611,612,613,615,616,854,855,617,618,614,1002,1003,1005,1004,1006,1007,1009,1008,244
dragon_immune 488,34,356,357,631,372,632,633,860,861,153,177,870,358,322,871,1082
dragon_transparent 489,180,181
dripstone_replaceable_blocks 1,2,4,6,937,1051
emerald_ores 363,364
enchantment_power_provider 174
enchantment_power_transmitter 0,35,36,130,131,132,133,134,180,181,260,331,332,333,489,525,526,639,757,758,759,824,825,837,1048
enderman_holdable 154,1091,156,157,158,159,160,161,162,163,164,165,167,166,155,1092,9,8,11,10,338,1049,1044,1088,1050,59,37,39,40,168,169,173,263,264,325,277,326,831,830,837,822,821,824
fall_damage_resetting 205,331,800,833,834,835,836,1037,1038,816,129
features_cannot_replace 34,182,185,357,1082,1085,1086
fence_gates 595,593,597,598,594,334,592,848,849,599,600,596
fences 267,604,606,607,601,602,603,844,845,608,609,605,347
fire 180,181
flower_pots 376,1093,1094,389,390,391,392,393,394,395,396,397,388,378,379,380,381,382,384,385,401,402,403,387,404,398,399,400,756,872,873,874,875,1076,1077,386,383,377
flowers 154,1091,156,157,158,159,160,161,162,163,164,165,167,166,155,1092,521,522,524,523,628,98,1041,33,93,1043,621,1039
foxes_spawnable_on 8,260,262,11,10
frog_prefer_jump_to 339,1045
frogs_spawnable_on 8,1050,58,59
geode_invalid_blocks 34,35,36,261,520,752
goats_spawnable_on 8,1,260,262,520,40
gold_ores 42,48,43
guarded_by_piglins 170,802,185,365,888,434,1075,641,657,653,654,651,649,655,645,650,647,644,643,648,652,656,642,646,42,48,43
hoglin_repellents 822,873,276,871
ice 261,520,752,634
impermeable 101,281,282,283,284,285,286,287,288,289,290,291,292,293,294,295,296,952
incorrect_for_diamond_tool 
incorrect_for_gold_tool 177,870,868,871,869,189,187,188,363,364,368,170,1075,42,43,255,256,171,1073,44,45,104,102,103,960,1074,964,965,985,981,969,962,983,979,967,963,982,978,966,961,984,980,968,986,1001,997,993,987,999,995,991,988,1000,996,992,989,998,994,990,1034,1084,973,972,971,970,977,976,975,974,1018,1019,1020,1021,1022,1023,1024,1025,1026,1027,1028,1029,1030,1031,1032,1033,1010,1011,1013,1012,1014,1015,1017,1016
incorrect_for_iron_tool 177,870,868,871,869
incorrect_for_netherite_tool 
incorrect_for_stone_tool 177,870,868,871,869,189,187,188,363,364,368,170,1075,42,43,255,256
incorrect_for_wooden_tool 177,870,868,871,869,189,187,188,363,364,368,170,1075,42,43,255,256,171,1073,44,45,104,102,103,960,1074,964,965,985,981,969,962,983,979,967,963,982,978,966,961,984,980,968,986,1001,997,993,987,999,995,991,988,1000,996,992,989,998,994,990,1034,1084,973,972,971,970,977,976,975,974,1018,1019,1020,1021,1022,1023,1024,1025,1026,1027,1028,1029,1030,1031,1032,1033,1010,1011,1013,1012,1014,1015,1017,1016
infiniburn_end 268,635,34
infiniburn_nether 268,635
infiniburn_overworld 268,635
inside_step_sound_blocks 953,957,332,339,936,1043
invalid_spawn_inside 356,631
iron_ores 44,45
jungle_logs 52,74,63,82
lapis_ores 102,103
lava_pool_stone_cannot_replace 34,182,185,357,1082,1085,1086,91,88,89,95,94,92,90,97,98,96,93,55,77,66,85,56,20,67,86,49,71,68,79,53,75,64,83,51,73,62,81,52,74,63,82,50,72,61,80,57,78,69,87,54,76,65,84,826,827,828,829,817,818,819,820
leaves 91,88,89,95,94,92,90,97,98,96,93
logs 55,77,66,85,56,20,67,86,49,71,68,79,53,75,64,83,51,73,62,81,52,74,63,82,50,72,61,80,57,78,69,87,54,76,65,84,826,827,828,829,817,818,819,820
logs_that_burn 55,77,66,85,56,20,67,86,49,71,68,79,53,75,64,83,51,73,62,81,52,74,63,82,50,72,61,80,57,78,69,87,54,76,65,84
lush_ground_replaceable 1,2,4,6,937,1051,1038,1037,9,8,11,10,338,1049,1044,1088,1050,59,264,40,37
maintains_farmland 329,327,330,328,629,405,406,626,155,627,191
mangrove_logs 57,78,69,87
mangrove_logs_can_grow_through 1050,59,58,96,57,33,1042,331
mangrove_roots_can_grow_through 1050,59,58,1042,331,33,260
mineable/axe 109,328,327,1040,755,802,864,865,629,1046,1045,174,319,168,814,405,805,277,1038,1037,185,621,620,361,862,190,831,438,132,131,806,332,130,1048,278,266,205,526,808,339,801,330,326,321,349,406,329,325,320,169,800,1047,809,815,1039,265,816,525,434,836,835,331,822,834,833,191,527,528,529,530,531,532,533,534,535,536,537,538,539,540,541,542,543,544,545,546,547,548,549,550,551,552,553,554,555,556,557,558,595,593,597,598,594,334,592,848,849,599,600,596,55,77,66,85,56,20,67,86,49,71,68,79,53,75,64,83,51,73,62,81,52,74,63,82,50,72,61,80,57,78,69,87,54,76,65,84,826,827,828,829,817,818,819,820,13,14,15,16,17,19,21,838,839,22,23,18,25,26,27,28,29,31,32,1041,33,30,194,195,196,197,199,200,201,856,857,202,203,198,208,209,210,211,213,214,215,858,859,216,217,212,407,408,409,410,411,413,414,852,853,415,416,412,204,610,611,612,613,615,616,854,855,617,618,614,267,604,606,607,601,602,603,844,845,608,609,605,245,246,247,248,249,251,252,842,843,253,254,250,563,564,565,566,567,569,570,840,841,571,572,568,184,369,370,371,480,482,483,850,851,484,485,481,301,299,303,304,300,297,298,846,847,305,306,302,58,218,219,220,221,222,223,224,225,226,227,228,229,230,231,232,233,234,235,236,237,239,240,238,241,24,573,486,60,70,175,183
mineable/hoe 636,823,501,708,863,832,99,100,91,88,89,95,94,92,90,97,98,96,954,955,1044,1042,1088,1089,956,958,957,959,1043,93
mineable/pickaxe 1,2,3,4,5,6,7,12,42,43,44,45,46,47,48,102,103,104,105,106,107,108,170,171,172,176,177,182,187,188,189,193,207,243,244,255,256,268,271,272,307,308,309,310,322,323,335,336,346,347,348,350,351,358,362,363,364,365,368,435,436,439,440,441,442,443,444,445,447,448,449,450,451,452,453,454,455,456,457,458,459,460,461,462,463,490,491,492,493,494,495,496,497,498,499,518,519,559,560,561,562,574,575,576,577,578,579,580,581,583,584,585,586,587,588,589,590,591,622,623,624,625,635,637,638,640,658,659,660,661,662,663,664,665,666,667,668,669,670,671,672,673,674,675,676,677,678,679,680,681,682,683,684,685,686,687,688,689,711,712,713,714,715,716,717,718,719,720,721,722,723,724,725,731,732,733,734,735,741,742,743,744,745,760,761,762,763,764,765,766,767,768,769,770,771,772,773,774,775,776,777,778,779,780,781,782,783,784,785,786,803,804,807,810,811,812,813,821,830,868,869,870,871,876,877,878,880,881,882,883,884,885,886,888,889,890,891,894,895,896,937,951,963,962,961,960,964,965,966,967,968,969,978,979,980,981,982,983,984,985,986,987,988,989,990,991,992,993,994,995,996,997,998,999,1000,1001,1034,1035,1036,1051,1052,1053,1054,1056,1057,1058,1060,1061,1062,1064,1065,1066,1068,1069,1070,1072,1073,1074,1075,261,520,752,135,128,136,933,936,935,934,931,932,314,318,317,1071,313,316,315,259,892,374,375,787,788,789,790,791,792,794,795,796,797,798,799,879,887,893,1055,1059,1063,1067,793,940,944,949,344,641,657,653,654,651,649,655,645,650,647,644,643,648,652,656,642,646,431,432,433,352,353,354,355,206,126,127,446,753,312,337,582,311,1084,938,939,945,941,942,943,946,947,948,950,973,972,971,970,977,976,975,974,1018,1019,1020,1021,1022,1023,1024,1025,1026,1027,1028,1029,1030,1031,1032,1033,1002,1003,1005,1004,1006,1007,1009,1008,1010,1011,1013,1012,1014,1015,1017,1016,1087,341,343,342,345
mineable/shovel 264,9,10,11,192,8,40,338,37,39,262,260,269,630,270,1049,59,1050,38,41,690,691,692,693,694,695,696,697,698,699,700,701,702,703,704,705
mob_interactable_doors 204,610,611,612,613,615,616,854,855,617,618,614,1002,1003,1005,1004,1006,1007,1009,1008
mooshrooms_spawnable_on 338
moss_replaceable 1,2,4,6,937,1051,1038,1037,9,8,11,10,338,1049,1044,1088,1050,59
mushroom_grow_block 338,11,830,821
needs_diamond_tool 177,870,868,871,869
needs_iron_tool 189,187,188,363,364,368,170,1075,42,43,255,256
needs_stone_tool 171,1073,44,45,104,102,103,960,1074,964,965,985,981,969,962,983,979,967,963,982,978,966,961,984,980,968,986,1001,997,993,987,999,995,991,988,1000,996,992,989,998,994,990,1034,1084,973,972,971,970,977,976,975,974,1018,1019,1020,1021,1022,1023,1024,1025,1026,1027,1028,1029,1030,1031,1032,1033,1010,1011,1013,1012,1014,1015,1017,1016
nether_carver_replaceables 1,2,4,6,937,1051,268,271,877,9,8,11,10,338,1049,1044,1088,1050,59,830,821,636,823,269,270
nylium 830,821
oak_logs 49,71,68,79
occludes_vibration_signals 137,138,139,140,141,142,143,144,145,146,147,148,149,150,151,152
overworld_carver_replaceables 1,2,4,6,937,1051,9,8,11,10,338,1049,1044,1088,1050,59,37,39,38,518,448,449,450,451,452,453,454,455,456,457,458,459,460,461,462,463,44,45,964,965,260,262,953,35,40,41,106,559,951,520,1073,1074
overworld_natural_logs 53,51,49,52,50,55,56,57,54
pale_oak_logs 56,20,67,86
parrots_spawnable_on 8,0,91,88,89,95,94,92,90,97,98,96,93,55,77,66,85,56,20,67,86,49,71,68,79,53,75,64,83,51,73,62,81,52,74,63,82,50,72,61,80,57,78,69,87,54,76,65,84,826,827,828,829,817,818,819,820
piglin_repellents 181,273,813,274,815
planks 13,14,15,16,17,19,21,838,839,22,23,18
polar_bears_spawnable_on_alternate 261
portals 276,356,631
pressure_plates 435,436,245,246,247,248,249,251,252,842,843,253,254,250,243,891
prevent_mob_spawning_inside 206,126,127,446
rabbits_spawnable_on 8,260,262,37
rails 206,126,127,446
redstone_ores 255,256
replaceable 0,35,36,130,131,132,133,134,180,181,260,331,332,333,489,525,526,639,757,758,759,824,825,837,1048
replaceable_by_trees 91,88,89,95,94,92,90,97,98,96,93,154,1091,156,157,158,159,160,161,162,163,164,165,167,166,155,1092,1089,130,131,132,331,332,521,522,523,524,525,526,1048,628,35,133,134,824,825,837
sand 37,39,38
saplings 25,26,27,28,29,31,32,1040,1041,33,30
sculk_replaceable 1,2,4,6,937,1051,9,8,11,10,338,1049,1044,1088,1050,59,518,448,449,450,451,452,453,454,455,456,457,458,459,460,461,462,463,830,821,268,271,877,37,39,40,269,270,951,1072,264,1036,358,559,106
sculk_replaceable_world_gen 1,2,4,6,937,1051,9,8,11,10,338,1049,1044,1088,1050,59,518,448,449,450,451,452,453,454,455,456,457,458,459,460,461,462,463,830,821,268,271,877,37,39,40,269,270,951,1072,264,1036,358,559,106,1064,1060,1052,1069,1070,1056
shulker_boxes 641,657,653,654,651,649,655,645,650,647,644,643,648,652,656,642,646
signs 194,195,196,197,199,200,201,856,857,202,203,198,208,209,210,211,213,214,215,858,859,216,217,212
slabs 563,564,565,566,567,569,570,840,841,571,572,568,573,574,575,581,576,587,584,585,580,579,583,578,497,498,499,774,775,776,777,778,779,780,781,782,783,784,785,786,577,586,880,885,890,1054,1058,1062,1066,999,1000,1001,982,983,984,985,998,582,938,942,947,343
small_dripleaf_placeable 264,1044
small_flowers 154,1091,156,157,158,159,160,161,162,163,164,165,167,166,155,1092
smelts_to_glass 37,39
snaps_goat_horn 53,51,49,52,50,55,56,57,54,1,520,44,46,964,363
sniffer_diggable_block 9,8,11,10,1049,1044,1088,1050,59
sniffer_egg_hatch_boost 1044
snow 260,262,953
snow_layer_can_survive_on 866,269,1050
snow_layer_cannot_survive_on 261,520,488
soul_fire_base_blocks 269,270
soul_speed_blocks 269,270
spruce_logs 50,72,61,80
stairs 184,369,370,371,480,482,483,850,851,484,485,481,486,207,362,348,336,335,624,445,562,495,494,496,760,761,762,763,764,765,766,767,768,769,770,771,772,773,878,886,889,1053,1057,1061,1065,978,979,980,981,995,996,997,994,337,939,943,948,342
standing_signs 194,195,196,197,199,200,201,856,857,202,203,198
stone_bricks 307,308,309,310
stone_buttons 259,892
stone_ore_replaceables 1,2,4,6
stone_pressure_plates 243,891
strider_warm_blocks 36
sword_efficient 91,88,89,95,94,92,90,97,98,96,93,25,26,27,28,29,31,32,1040,1041,33,30,629,405,406,191,330,329,626,627,130,131,132,331,332,521,522,523,524,525,526,1048,628,168,169,265,325,277,278,326,327,328,339,361,816,1037,1038,1039,1043,1045,1046,1047,349,822,824,825,831,833,834,835,836,837,620,621
terracotta 518,448,449,450,451,452,453,454,455,456,457,458,459,460,461,462,463
trail_ruins_replaceable 40
trapdoors 301,299,303,304,300,297,298,846,847,305,306,302,490,1010,1011,1013,1012,1014,1015,1017,1016
underwater_bonemeals 133,726,727,728,729,730,736,737,738,739,740,746,747,748,749,750
unstable_bottom_center 595,593,597,598,594,334,592,848,849,599,600,596
valid_spawn 8,11
vibration_resonators 931
wall_corals 746,747,748,749,750
wall_hanging_signs 230,231,232,233,234,235,236,237,239,240,238,241
wall_post_override 178,273,257,367,194,195,196,197,199,200,201,856,857,202,203,198,208,209,210,211,213,214,215,858,859,216,217,212,527,528,529,530,531,532,533,534,535,536,537,538,539,540,541,542,543,544,545,546,547,548,549,550,551,552,553,554,555,556,557,558,435,436,245,246,247,248,249,251,252,842,843,253,254,250,243,891
wall_signs 208,209,210,211,213,214,215,858,859,216,217,212
walls 374,375,787,788,789,790,791,792,794,795,796,797,798,799,879,887,893,1055,1059,1063,1067,793,940,944,949,344
warped_stems 817,818,819,820
wart_blocks 636,823
wither_immune 488,34,356,357,631,372,632,633,860,861,153,489,1082
wither_summon_base_blocks 269,270
wolves_spawnable_on 8,260,262,10,11
wooden_buttons 407,408,409,410,411,413,414,852,853,415,416,412
wooden_doors 204,610,611,612,613,615,616,854,855,617,618,614
wooden_fences 267,604,606,607,601,602,603,844,845,608,609,605
wooden_pressure_plates 245,246,247,248,249,251,252,842,843,253,254,250
wooden_slabs 563,564,565,566,567,569,570,840,841,571,572,568
wooden_stairs 184,369,370,371,480,482,483,850,851,484,485,481
wooden_trapdoors 301,299,303,304,300,297,298,846,847,305,306,302
wool 137,138,139,140,141,142,143,144,145,146,147,148,149,150,151,152
wool_carpets 502,503,504,505,506,507,508,509,510,511,512,513,514,515,516,517
tags cat_variant 2
default_spawns 0,1,2,3,4,5,6,7,8,9
full_moon_spawns 0,1,2,3,4,5,6,7,8,9,10
tags damage_type 33
always_hurts_ender_dragons 15,9,35,1
always_kills_armor_stands 0,44,14,48,46
always_most_significant_fall 32
always_triggers_silverfish 27
avoids_guardian_thorns 27,42,15,9,35,1
burn_from_stepping 3,20
burns_armor_stands 31
bypasses_armor 31,22,4,6,16,18,47,5,39,10,8,17,38,27,23,32,19,36,33
bypasses_effects 39
bypasses_enchantments 36
bypasses_invulnerability 32,19
bypasses_resistance 32,19
bypasses_shield 31,22,4,6,16,18,47,5,39,10,8,17,38,27,23,32,19,36,33,11,13
bypasses_wolf_armor 32,19,4,6,7,17,22,23,27,33,39,42,47
can_break_armor_stand 35,34,26
damages_helmet 11,12,13
ignites_armor_stands 21,3
is_drowning 6
is_explosion 15,9,35,1
is_fall 10,8,38
is_fire 21,3,31,24,20,45,14
is_freezing 17
is_lightning 25
is_player_attack 34,26
is_projectile 0,44,30,45,14,48,43,46
mace_smash 26
no_anger 29
no_impact 6
no_knockback 9,35,1,21,25,31,24,20,22,4,6,39,2,10,8,16,32,18,27,47,5,7,41,17,38,33,19,3
panic_causes 2,17,20,21,24,25,31,0,5,9,14,15,23,27,28,30,35,36,40,43,44,45,46,47,48,34,26
panic_environmental_causes 2,17,20,21,24,25,31
witch_resistant_to 27,23,36,42
wither_immune_to 6
tags enchantment 22
curse 2,40
double_trade_price 2,40,37,35,14,22,41
exclusive_set/armor 27,3,11,26
exclusive_set/boots 14,7
exclusive_set/bow 16,22
exclusive_set/crossbow 23,24
exclusive_set/damage 32,34,1,15,6,4
exclusive_set/mining 13,33
exclusive_set/riptide 19,5
in_enchanting_table 27,11,9,3,26,30,0,38,7,32,34,1,17,10,18,36,8,33,39,13,25,28,12,16,20,21,19,15,31,5,23,29,24,6,4
non_treasure 27,11,9,3,26,30,0,38,7,32,34,1,17,10,18,36,8,33,39,13,25,28,12,16,20,21,19,15,31,5,23,29,24,6,4
on_mob_spawn_equipment 27,11,9,3,26,30,0,38,7,32,34,1,17,10,18,36,8,33,39,13,25,28,12,16,20,21,19,15,31,5,23,29,24,6,4
on_random_loot 27,11,9,3,26,30,0,38,7,32,34,1,17,10,18,36,8,33,39,13,25,28,12,16,20,21,19,15,31,5,23,29,24,6,4,2,40,14,22
on_traded_equipment 27,11,9,3,26,30,0,38,7,32,34,1,17,10,18,36,8,33,39,13,25,28,12,16,20,21,19,15,31,5,23,29,24,6,4
prevents_bee_spawns_when_mining 33
prevents_decorated_pot_shattering 33
prevents_ice_melting 33
prevents_infested_spawns 33
smelts_loot 10
tooltip_order 2,40,31,5,41,14,32,34,1,15,25,6,4,24,36,23,10,12,17,28,27,3,11,26,9,13,18,33,20,8,29,21,30,0,35,37,7,38,19,39,16,22
tradeable 27,11,9,3,26,30,0,38,7,32,34,1,17,10,18,36,8,33,39,13,25,28,12,16,20,21,19,15,31,5,23,29,24,6,4,2,40,14,22
treasure 2,40,37,35,14,22,41
tags entity_type 35
aquatic 130,7,60,38,26,100,103,129,33,120,58,123
arrows 6,116
arthropod 11,40,107,117,21
axolotl_always_hostiles 36,60,38
axolotl_hunt_targets 129,100,103,26,120,58,123
beehive_inhabitors 11
boat 84,118,12,71,0,22,31,89,78,9
can_breathe_under_water 108,121,139,109,16,144,143,145,146,142,36,64,138,93,7,53,60,38,130,58,26,100,103,120,129,123,5
can_turn_in_boats 17
deflects_projectiles 17
dismounts_underwater 19,25,34,63,75,83,94,102,117,122,127,144
fall_damage_immune 67,114,105,2,10,11,14,20,25,55,93,77,86,92,138,17
freeze_hurts_extra_types 122,14,77
freeze_immune_entity_types 121,98,114,138
frog_food 110,77
ignores_poison_and_regen 108,121,139,109,16,144,143,145,146,142,36,64,138,93
illager 44,65,97,133
illager_friends 44,65,97,133
immune_to_infested 107
immune_to_oozing 110
impact_projectiles 6,116,51,113,50,111,37,128,35,140,136,18
inverted_healing_and_harm 108,121,139,109,16,144,143,145,146,142,36,64,138,93
no_anger_from_wind_charge 17,108,16,121,143,64,117,21,110
non_controlling_rider 110,77
not_scary_for_pufferfish 130,60,38,26,100,103,129,33,120,58,123
powder_snow_walkable_mobs 101,40,107,52
raiders 44,97,102,133,65,137
redirectable_projectile 50,136,18
sensitive_to_bane_of_arthropods 11,40,107,117,21
sensitive_to_impaling 130,7,60,38,26,100,103,129,33,120,58,123
sensitive_to_smite 108,121,139,109,16,144,143,145,146,142,36,64,138,93
skeletons 108,121,139,109,16
undead 108,121,139,109,16,144,143,145,146,142,36,64,138,93
wither_friends 108,121,139,109,16,144,143,145,146,142,36,64,138,93
zombies 144,143,145,146,142,36,64
tags fluid 2
lava 4,3
water 2,1
tags game_event 5
allay_can_listen 33
ignore_vibrations_sneaking 26,36,41,42,29,28
shrieker_can_listen 37
vibrations 1,2,3,5,6,7,8,0,4,9,10,11,12,13,14,15,16,17,18,19,20,21,22,24,25,26,27,28,32,33,34,35,36,38,40,41,42,43,44,45,46,47,48,49,50,51,52,53,54,55,56,57,58,59,23
warden_can_listen 1,2,3,5,6,7,8,0,4,9,10,11,12,13,14,15,16,17,18,19,20,21,22,24,25,26,27,28,32,33,34,35,36,38,40,41,42,43,44,45,46,47,48,49,50,51,52,53,54,55,56,57,58,59,39,37
tags instrument 3
goat_horns 4,6,5,3,0,1,7,2
regular_goat_horns 4,6,5,3
screaming_goat_horns 0,1,7,2
tags item 173
acacia_logs 138,175,152,163
anvil 442,443,444
armadillo_food 1049
arrows 833,1212,1211
axes 872,857,862,877,852,867
axolotl_food 951
bamboo_blocks 147,170
banners 1185,1186,1187,1188,1189,1190,1191,1192,1193,1194,1195,1196,1197,1198,1199,1200
beacon_payment_items 847,837,836,846,842
beds 1027,1028,1024,1025,1022,1020,1026,1016,1021,1018,1015,1014,1019,1023,1013,1017
bee_food 225,226,228,229,230,231,232,233,234,235,236,237,238,239,240,488,489,491,490,241,192,205,57,187,254,307,242
birch_logs 136,173,150,161
boats 803,805,807,809,811,815,817,819,821,813,804,806,808,810,812,816,818,820,822,814
bookshelf_books 958,1142,1165,1141,1218
breaks_decorated_pots 869,854,859,874,849,864,872,857,862,877,852,867,871,856,861,876,851,866,870,855,860,875,850,865,873,858,863,878,853,868,1240,1144
brewing_fuel 1051
bundles 963,979,975,976,973,971,977,967,972,969,966,965,970,974,978,968,964
buttons 707,708,709,710,711,713,714,717,718,715,716,712,705,706
camel_food 322
candles 1294,1295,1296,1297,1298,1299,1300,1301,1302,1303,1304,1305,1306,1307,1308,1309,1310
cat_food 984,985
cherry_logs 139,176,153,164
chest_armor 888,892,904,896,900,908
chest_boats 804,806,808,810,812,816,818,820,822,814
chicken_food 884,1036,1035,1207,1204,1205
cluster_max_harvestables 871,861,866,876,856,851
coal_ores 64,65
coals 834,835
compasses 961,962
completes_find_tree_tutorial 141,178,154,165,140,177,155,166,134,171,148,159,138,175,152,163,136,173,150,161,137,174,151,162,135,172,149,160,142,179,156,167,139,176,153,164,145,157,180,168,146,158,181,169,185,182,183,189,188,186,184,191,192,190,187,540,541
copper_ores 68,69
cow_food 885
creeper_drop_music_discs 1220,1221,1222,1223,1226,1227,1228,1229,1230,1231,1232,1233
creeper_igniters 829,1139
crimson_stems 145,157,180,168
dampens_vibrations 209,210,211,212,213,214,215,216,217,218,219,220,221,222,223,224,469,470,471,472,473,474,475,476,477,478,479,480,481,482,483,484
dark_oak_logs 141,178,154,165
decorated_pot_ingredients 954,1341,1342,1343,1344,1345,1346,1347,1348,1350,1352,1353,1354,1355,1356,1357,1358,1360,1361,1362,1363,1349,1351,1359
decorated_pot_sherds 1341,1342,1343,1344,1345,1346,1347,1348,1350,1352,1353,1354,1355,1356,1357,1358,1360,1361,1362,1363,1349,1351,1359
diamond_ores 78,79
diamond_tool_materials 836
dirt 28,27,30,29,386,31,256,259,32,144
doors 736,737,738,739,740,742,743,746,747,744,745,741,748,749,750,751,752,753,754,755,735
drowned_preferred_weapons 1240
duplicates_allays 840
dyeable 887,888,889,890,1179,828
emerald_ores 74,75
enchantable/armor 890,894,906,898,902,910,889,893,905,897,901,909,888,892,904,896,900,908,887,891,903,895,899,907,825
enchantable/bow 832
enchantable/chest_armor 888,892,904,896,900,908
enchantable/crossbow 1243
enchantable/durability 890,894,906,898,902,910,889,893,905,897,901,909,888,892,904,896,900,908,887,891,903,895,899,907,825,802,1214,869,854,859,874,849,864,872,857,862,877,852,867,871,856,861,876,851,866,870,855,860,875,850,865,873,858,863,878,853,868,832,1243,1240,829,1032,1321,980,799,800,1144
enchantable/equippable 890,894,906,898,902,910,889,893,905,897,901,909,888,892,904,896,900,908,887,891,903,895,899,907,825,802,1156,1158,1157,1154,1155,1159,1160,338
enchantable/fire_aspect 869,854,859,874,849,864,1144
enchantable/fishing 980
enchantable/foot_armor 890,894,906,898,902,910
enchantable/head_armor 887,891,903,895,899,907,825
enchantable/leg_armor 889,893,905,897,901,909
enchantable/mace 1144
enchantable/mining 872,857,862,877,852,867,871,856,861,876,851,866,870,855,860,875,850,865,873,858,863,878,853,868,1032
enchantable/mining_loot 872,857,862,877,852,867,871,856,861,876,851,866,870,855,860,875,850,865,873,858,863,878,853,868
enchantable/sharp_weapon 869,854,859,874,849,864,872,857,862,877,852,867
enchantable/sword 869,854,859,874,849,864
enchantable/trident 1240
enchantable/vanishing 890,894,906,898,902,910,889,893,905,897,901,909,888,892,904,896,900,908,887,891,903,895,899,907,825,802,1214,869,854,859,874,849,864,872,857,862,877,852,867,871,856,861,876,851,866,870,855,860,875,850,865,873,858,863,878,853,868,832,1243,1240,829,1032,1321,980,799,800,1144,961,338,1156,1158,1157,1154,1155,1159,1160
enchantable/weapon 869,854,859,874,849,864,872,857,862,877,852,867,1144
fence_gates 781,779,783,784,780,777,778,787,788,785,786,782
fences 325,329,331,332,326,327,328,335,336,333,334,330,391
fishes 984,988,985,989,987,986
foot_armor 890,894,906,898,902,910
fox_food 1269,1270
freeze_immune_wearables 890,889,888,887,1179
frog_food 959
furnace_minecart_fuel 834,835
gaze_disguise_equipment 338
goat_food 885
gold_ores 70,80,71
gold_tool_materials 846
hanging_signs 929,930,931,933,934,932,935,936,939,940,937,938
head_armor 887,891,903,895,899,907,825
hoes 873,858,863,878,853,868
hoglin_food 245
horse_food 885,1011,468,831,1153,915,916
horse_tempt_items 1153,915,916
ignored_by_piglin_babies 946
iron_ores 66,67
iron_tool_materials 842
jungle_logs 137,174,151,162
lapis_ores 76,77
leaves 185,182,183,189,188,186,184,191,192,190,187
lectern_books 1142,1141
leg_armor 889,893,905,897,901,909
llama_food 885,468
llama_tempt_items 468
logs 141,178,154,165,140,177,155,166,134,171,148,159,138,175,152,163,136,173,150,161,137,174,151,162,135,172,149,160,142,179,156,167,139,176,153,164,145,157,180,168,146,158,181,169
logs_that_burn 141,178,154,165,140,177,155,166,134,171,148,159,138,175,152,163,136,173,150,161,137,174,151,162,135,172,149,160,142,179,156,167,139,176,153,164
mangrove_logs 142,179,156,167
map_invisibility_equipment 338
meat 1037,1039,1038,1040,1184,913,1171,1183,912,1170,1041
netherite_tool_materials 847
non_flammable_wood 146,158,181,169,145,157,180,168,46,47,275,276,733,734,335,336,767,768,787,788,416,417,717,718,746,747,927,928,940,939
noteblock_top_instruments 1157,1154,1158,1159,1155,1160,1156
oak_logs 134,171,148,159
ocelot_food 984,985
pale_oak_logs 140,177,155,166
panda_eats_from_ground 263,1012
panda_food 263
parrot_food 884,1036,1035,1207,1204,1205
parrot_poisonous_food 1029
pickaxes 871,856,861,876,851,866
pig_food 1148,1149,1206
piglin_food 912,913
piglin_loved 70,80,71,92,1284,721,846,1266,981,1153,1056,915,916,903,904,905,906,1177,859,861,860,862,863,845,86
piglin_preferred_weapons 1243
piglin_repellents 346,1268,1272
piglin_safe_armor 903,904,905,906
pillager_preferred_weapons 1243
planks 36,37,38,39,40,42,43,46,47,44,45,41
rabbit_food 1148,1153,225
rails 791,789,790,792
redstone_ores 72,73
repairs_chain_armor 842
repairs_diamond_armor 836
repairs_gold_armor 846
repairs_iron_armor 842
repairs_leather_armor 946
repairs_netherite_armor 847
repairs_turtle_helmet 826
repairs_wolf_armor 827
sand 59,62,60
saplings 49,50,51,52,53,55,56,204,205,57,54
sheep_food 885
shovels 870,855,860,875,850,865
shulker_boxes 545,561,557,558,555,553,559,549,554,551,548,547,552,556,560,546,550
signs 917,918,919,921,920,923,924,927,928,925,926,922
skeleton_preferred_weapons 832
skulls 1156,1158,1157,1154,1155,1159,1160
slabs 264,265,266,267,268,270,271,275,276,272,273,269,274,277,278,284,279,290,287,288,283,282,286,281,291,292,293,662,663,664,665,666,667,668,669,670,671,672,673,674,280,289,1282,1290,1286,675,676,678,677,132,131,130,113,112,111,110,133,285,13,18,22,380
small_flowers 225,226,228,229,230,231,232,233,234,235,236,237,238,239,240,227
smelts_to_glass 59,62
sniffer_food 1204
soul_fire_base_blocks 341,342
spruce_logs 135,172,149,160
stairs 405,406,407,408,409,411,412,416,417,413,414,410,415,318,402,392,384,383,310,449,536,530,529,531,644,645,646,647,648,649,650,651,652,653,654,655,656,657,1283,1291,1287,658,659,661,660,109,108,107,106,128,127,126,129,385,14,19,23,379
stone_bricks 355,356,357,358
stone_buttons 705,706
stone_crafting_materials 35,1281,9
stone_tool_materials 35,1281,9
strider_food 246
strider_tempt_items 246,800
swords 869,854,859,874,849,864
terracotta 485,450,451,452,453,454,455,456,457,458,459,460,461,462,463,464,465
trapdoors 761,759,763,764,760,757,758,767,768,765,766,762,756,769,770,771,772,773,774,775,776
trim_materials 840,844,836,837,846,842,838,847,839,680,1167
trimmable_armor 890,894,906,898,902,910,889,893,905,897,901,909,888,892,904,896,900,908,887,891,903,895,899,907,825
turtle_food 207
villager_picks_up 884,1149,1148,1207,1204,1205,886,885,1206
villager_plantable_seeds 884,1149,1148,1207,1204,1205
walls 420,421,422,423,424,425,426,427,429,430,431,432,433,434,435,437,436,438,439,441,440,428,15,20,24,381
warped_stems 146,158,181,169
wart_blocks 540,541
wither_skeleton_disliked_weapons 832,1243
wolf_food 1037,1039,1038,1040,1184,913,1171,1183,912,1170,1041,984,988,985,989,986,987,1172
wooden_buttons 707,708,709,710,711,713,714,717,718,715,716,712
wooden_doors 736,737,738,739,740,742,743,746,747,744,745,741
wooden_fences 325,329,331,332,326,327,328,335,336,333,334,330
wooden_pressure_plates 723,724,725,726,727,729,730,733,734,731,732,728
wooden_slabs 264,265,266,267,268,270,271,275,276,272,273,269
wooden_stairs 405,406,407,408,409,411,412,416,417,413,414,410
wooden_tool_materials 36,37,38,39,40,42,43,46,47,44,45,41
wooden_trapdoors 761,759,763,764,760,757,758,767,768,765,766,762
wool 209,210,211,212,213,214,215,216,217,218,219,220,221,222,223,224
wool_carpets 469,470,471,472,473,474,475,476,477,478,479,480,481,482,483,484
tags painting_variant 1
placeable 23,1,0,2,5,31,46,34,12,36,41,13,45,21,25,8,39,44,38,49,18,32,30,7,37,14,4,22,26,35,43,3,6,9,10,11,16,17,19,24,27,28,29,33,40,42
tags point_of_interest_type 3
acquirable_job_site 0,1,2,3,4,5,6,7,8,9,10,11,12
bee_home 15,16
village 0,1,2,3,4,5,6,7,8,9,10,11,12,13,14
tags worldgen/biome 70
allows_surface_slime_spawns 54,31
allows_tropical_fish_spawns_at_any_height 30
has_closer_water_fog 54,31
has_structure/ancient_city 10
has_structure/bastion_remnant 7,34,49,59
has_structure/buried_treasure 3,45
has_structure/desert_pyramid 14
has_structure/end_city 17,18
has_structure/igloo 48,46,47
has_structure/jungle_temple 1,28
has_structure/mineshaft 11,9,13,12,22,35,6,29,58,41,24,3,45,32,23,27,51,47,5,62,60,61,55,48,37,38,1,28,50,21,20,4,36,8,39,25,52,33,26,63,14,42,46,40,53,54,31,43,15,30
has_structure/mineshaft_mesa 0,19,64
has_structure/nether_fortress 34,49,7,59,2
has_structure/nether_fossil 49
has_structure/ocean_monument 11,9,13,12
has_structure/ocean_ruin_cold 22,6,35,11,9,13
has_structure/ocean_ruin_warm 29,58,12
has_structure/pillager_outpost 14,40,42,46,55,32,23,27,51,47,5,25
has_structure/ruined_portal_desert 14
has_structure/ruined_portal_jungle 1,28,50
has_structure/ruined_portal_mountain 0,19,64,62,60,61,43,63,52,32,23,27,51,47,5
has_structure/ruined_portal_nether 34,49,7,59,2
has_structure/ruined_portal_ocean 11,9,13,12,22,35,6,29,58
has_structure/ruined_portal_standard 3,45,41,24,55,48,37,38,21,20,4,36,8,39,25,33,26,15,30,42,46,40,53
has_structure/ruined_portal_swamp 54,31
has_structure/shipwreck 11,9,13,12,22,35,6,29,58
has_structure/shipwreck_beached 3,45
has_structure/stronghold 33,11,22,9,6,13,35,12,29,58,52,54,31,47,46,45,61,25,62,48,60,55,40,32,3,21,38,20,4,8,43,42,28,0,14,64,27,51,24,41,26,37,53,36,50,1,19,63,5,39,23,15,30,10
has_structure/swamp_hut 54
has_structure/trail_ruins 55,48,37,38,36,28
has_structure/trial_chambers 33,11,22,9,6,13,35,12,29,58,52,54,31,47,46,45,61,25,62,48,60,55,40,32,3,21,38,20,4,8,43,42,28,0,14,64,27,51,24,41,26,37,53,36,50,1,19,63,5,39,23,15,30
has_structure/village_desert 14
has_structure/village_plains 40,32
has_structure/village_savanna 42
has_structure/village_snowy 46
has_structure/village_taiga 55
has_structure/woodland_mansion 8
increased_fire_burnout 1,33,31,47,23,27,54,28
is_badlands 0,19,64
is_beach 3,45
is_deep_ocean 11,9,13,12
is_end 56,17,18,44,16
is_forest 21,20,4,36,8,39,25
is_hill 62,60,61
is_jungle 1,28,50
is_mountain 32,23,27,51,47,5
is_nether 34,49,7,59,2
is_ocean 11,9,13,12,22,35,6,29,58
is_overworld 33,11,22,9,6,13,35,12,29,58,52,54,31,47,46,45,61,25,62,48,60,55,40,32,3,21,38,20,4,8,43,42,28,0,14,64,27,51,24,41,26,37,53,36,50,1,19,63,5,39,23,15,30,10
is_river 41,24
is_savanna 42,43,63
is_taiga 55,48,37,38
mineshaft_blocking 10
more_frequent_drowned_spawns 41,24
plays_underwater_music 11,9,13,12,22,35,6,29,58,41,24
polar_bears_spawn_on_alternate_blocks 22,11
produces_corals_from_bonemeal 58
reduce_water_ambient_spawns 41,24
required_ocean_monument_surrounding 11,9,13,12,22,35,6,29,58,41,24
snow_golem_melts 0,2,7,14,19,34,42,43,49,59,63,64
spawns_cold_variant_frogs 46,26,23,27,47,22,11,25,10,24,48,45,56,17,18,44,16
spawns_gold_rabbits 14
spawns_snow_foxes 46,26,22,48,24,45,23,27,47,25
spawns_warm_variant_frogs 14,58,1,28,50,42,43,63,34,49,7,59,2,0,19,64,31
spawns_white_rabbits 46,26,22,48,24,45,23,27,47,25
stronghold_biased_to 40,53,46,26,14,21,20,4,8,39,36,37,38,55,48,42,43,62,61,60,63,28,50,1,0,19,64,32,25,47,23,27,51,33,15,30
water_on_map_outlines 11,9,13,12,22,35,6,29,58,41,24,54,31
without_patrol_spawns 33
without_wandering_trader_spawns 57
without_zombie_sieges 33
features 1
vanilla
