registry worldgen/biome 65
badlands
bamboo_jungle
basalt_deltas
beach
birch_forest
cherry_grove
cold_ocean
crimson_forest
dark_forest
deep_cold_ocean
deep_dark
deep_frozen_ocean
deep_lukewarm_ocean
deep_ocean
desert
dripstone_caves
end_barrens
end_highlands
end_midlands
eroded_badlands
flower_forest
forest
frozen_ocean
frozen_peaks
frozen_river
grove
ice_spikes
jagged_peaks
jungle
lukewarm_ocean
lush_caves
mangrove_swamp
meadow
mushroom_fields
nether_wastes
ocean
old_growth_birch_forest
old_growth_pine_taiga
old_growth_spruce_taiga
pale_garden
plains
river
savanna
savanna_plateau
small_end_islands
snowy_beach
snowy_plains
snowy_slopes
snowy_taiga
soul_sand_valley
sparse_jungle
stony_peaks
stony_shore
sunflower_plains
swamp
taiga
the_end
the_void
warm_ocean
warped_forest
windswept_forest
windswept_gravelly_hills
windswept_hills
windswept_savanna
wooded_badlands
registry chat_type 7
chat
emote_command
msg_command_incoming
msg_command_outgoing
say_command
team_msg_command_incoming
team_msg_command_outgoing
registry trim_pattern 18
bolt
coast
dune
eye
flow
host
raiser
rib
sentry
shaper
silence
snout
spire
tide
vex
ward
wayfinder
wild
registry trim_material 11
amethyst
copper
diamond
emerald
gold
iron
lapis
netherite
quartz
redstone
resin
registry wolf_variant 9
ashen
black
chestnut
pale
rusty
snowy
spotted
striped
woods
registry wolf_sound_variant 7
angry
big
classic
cute
grumpy
puglin
sad
registry pig_variant 3
cold
temperate
warm
registry frog_variant 3
cold
temperate
warm
registry cat_variant 11
all_black
black
british_shorthair
calico
jellie
persian
ragdoll
red
siamese
tabby
white
registry cow_variant 3
cold
temperate
warm
registry chicken_variant 3
cold
temperate
warm
registry zombie_nautilus_variant 2
temperate
warm
registry painting_variant 51
alban
aztec
aztec2
backyard
baroque
bomb
bouquet
burning_skull
bust
cavebird
changing
cotan
courbet
creebet
dennis
donkey_kong
earth
endboss
fern
fighters
finding
fire
graham
humble
kebab
lowmist
match
meditative
orb
owlemons
passage
pigscene
plant
pointer
pond
pool
prairie_ride
sea
skeleton
skull_and_roses
stage
sunflowers
sunset
tides
unpacked
void
wanderer
wasteland
water
wind
wither
registry dimension_type 4
overworld
overworld_caves
the_end
the_nether
registry damage_type 50
arrow
bad_respawn_point
cactus
campfire
cramming
dragon_breath
drown
dry_out
ender_pearl
explosion
fall
falling_anvil
falling_block
falling_stalactite
fireball
fireworks
fly_into_wall
freeze
generic
generic_kill
hot_floor
in_fire
in_wall
indirect_magic
lava
lightning_bolt
mace_smash
magic
mob_attack
mob_attack_no_aggro
mob_projectile
on_fire
out_of_world
outside_border
player_attack
player_explosion
sonic_boom
spear
spit
stalagmite
starve
sting
sweet_berry_bush
thorns
thrown
trident
unattributed_fireball
wind_charge
wither
wither_skull
registry banner_pattern 43
base
border
bricks
circle
creeper
cross
curly_border
diagonal_left
diagonal_right
diagonal_up_left
diagonal_up_right
flow
flower
globe
gradient
gradient_up
guster
half_horizontal
half_horizontal_bottom
half_vertical
half_vertical_right
mojang
piglin
rhombus
skull
small_stripes
square_bottom_left
square_bottom_right
square_top_left
square_top_right
straight_cross
stripe_bottom
stripe_center
stripe_downleft
stripe_downright
stripe_left
stripe_middle
stripe_right
stripe_top
triangle_bottom
triangle_top
triangles_bottom
triangles_top
registry enchantment 43
aqua_affinity
bane_of_arthropods
binding_curse
blast_protection
breach
channeling
density
depth_strider
efficiency
feather_falling
fire_aspect
fire_protection
flame
fortune
frost_walker
impaling
infinity
knockback
looting
loyalty
luck_of_the_sea
lunge
lure
mending
multishot
piercing
power
projectile_protection
protection
punch
quick_charge
respiration
riptide
sharpness
silk_touch
smite
soul_speed
sweeping_edge
swift_sneak
thorns
unbreaking
vanishing_curse
wind_burst
registry jukebox_song 21
11
13
5
blocks
cat
chirp
creator
creator_music_box
far
lava_chicken
mall
mellohi
otherside
pigstep
precipice
relic
stal
strad
tears
wait
ward
registry instrument 8
admire_goat_horn
call_goat_horn
dream_goat_horn
feel_goat_horn
ponder_goat_horn
seek_goat_horn
sing_goat_horn
yearn_goat_horn
registry test_environment 1
default
registry test_instance 1
always_pass
registry dialog 3
custom_options
quick_actions
server_links
registry timeline 4
day
early_game
moon
villager_schedule
tags banner_pattern 11
no_item_required 26,27,28,29,31,38,35,37,32,36,34,33,25,5,30,39,40,41,42,7,10,9,8,3,23,19,17,20,18,1,14,15
pattern_item/bordure_indented 6
pattern_item/creeper 4
pattern_item/field_masoned 2
pattern_item/flow 11
pattern_item/flower 12
pattern_item/globe 13
pattern_item/guster 16
pattern_item/mojang 21
pattern_item/piglin 22
pattern_item/skull 24
tags block 204
acacia_logs 53,75,64,83
air 0,792,793
all_hanging_signs 233,234,235,236,237,238,239,240,241,242,243,244,245,246,247,248,249,250,251,252,254,255,253,256
all_signs 209,210,211,212,214,215,216,899,900,217,218,213,223,224,225,226,228,229,230,901,902,231,232,227,233,234,235,236,237,238,239,240,241,242,243,244,245,246,247,248,249,250,251,252,254,255,253,256
ancient_city_replaceable 1121,1134,1130,1136,1132,1135,1133,1137,1122,1139,1140,147
animals_spawnable_on 8
anvil 465,466,467
armadillo_spawnable_on 8,552,482,486,483,496,494,490,39,10
axolotls_spawnable_on 280
azalea_grows_on 9,8,11,10,372,1119,1114,1158,1120,59,37,39,38,552,482,483,484,485,486,487,488,489,490,491,492,493,494,495,496,497,277,998
azalea_root_replaceable 1,2,4,6,982,1121,9,8,11,10,372,1119,1114,1158,1120,59,552,482,483,484,485,486,487,488,489,490,491,492,493,494,495,496,497,39,280,40,37,277,998
badlands_terracotta 552,482,486,483,496,494,490
bamboo_blocks 60,70
bamboo_plantable_on 37,39,38,9,8,11,10,372,1119,1114,1158,1120,59,790,789,40,41
banners 561,562,563,564,565,566,567,568,569,570,571,572,573,574,575,576,577,578,579,580,581,582,583,584,585,586,587,588,589,590,591,592
bars 340,341,345,342,346,343,347,344,348
base_stone_nether 284,287,922
base_stone_overworld 1,2,4,6,982,1121
bats_spawnable_on 1,2,4,6,982,1121
beacon_base_blocks 913,402,204,173,174
beds 124,125,121,122,119,117,123,113,118,115,112,111,116,120,110,114
bee_attractive 157,1161,159,160,161,162,163,164,165,166,167,168,170,169,158,555,556,558,557,662,98,1109,33,93,1111,1112,655,1107,279
bee_growables 663,439,440,206,364,363,660,661,859,1105,1106
beehives 909,910
big_dripleaf_placeable 280,1114,9,8,11,10,372,1119,1120,59,207
birch_logs 51,73,62,81
blocks_wind_charge_explosions 522,34
buttons 441,442,443,444,445,447,448,895,896,449,450,446,274,937
camel_sand_step_sound_blocks 37,39,38,724,725,726,727,728,729,730,731,732,733,734,735,736,737,738,739
camels_spawnable_on 37,39,38
campfires 857,858
can_glide_through 365,878,879,876,877,1106,1105
candle_cakes 959,960,961,962,963,964,965,966,967,968,969,970,971,972,973,974,975
candles 942,943,944,945,946,947,948,949,950,951,952,953,954,955,956,957,958
cauldrons 386,387,388,389
cave_vines 1106,1105
ceiling_hanging_signs 233,234,235,236,237,238,239,240,241,242,243,244
chains 349,350,354,351,355,352,356,353,357
cherry_logs 54,76,65,84
climbable 220,365,835,876,877,878,879,1105,1106
coal_ores 46,47
combination_step_sound_blocks 536,537,538,539,540,541,542,543,544,545,546,547,548,549,550,551,1110,1159,275,868,867,880,367
completes_find_tree_tutorial 55,77,66,85,56,20,67,86,49,71,68,79,53,75,64,83,51,73,62,81,52,74,63,82,50,72,61,80,57,78,69,87,54,76,65,84,869,870,871,872,860,861,862,863,91,88,89,95,94,92,90,97,98,96,93,670,866
concrete_powder 724,725,726,727,728,729,730,731,732,733,734,735,736,737,738,739
convertable_to_mud 9,10,1119
copper 1005,1006,1007,1008,1031,1033,1032,1034
copper_chests 1079,1080,1081,1082,1083,1084,1085,1086
copper_golem_statues 1087,1088,1089,1090,1091,1092,1093,1094
copper_ores 1009,1010
coral_blocks 751,752,753,754,755
coral_plants 761,762,763,764,765
corals 761,762,763,764,765,771,772,773,774,775
crimson_stems 869,870,871,872
crops 663,439,440,206,364,363,660,661
crystal_sound_blocks 976,977
dampens_vibrations 140,141,142,143,144,145,146,147,148,149,150,151,152,153,154,155,536,537,538,539,540,541,542,543,544,545,546,547,548,549,550,551
dark_oak_logs 55,77,66,85
deepslate_ore_replaceables 1121,982
diamond_ores 202,203
dirt 9,8,11,10,372,1119,1114,1158,1120,59
does_not_block_hoppers 909,910
doors 219,644,645,646,647,649,650,897,898,651,652,648,1047,1048,1050,1049,1051,1052,1054,1053,259
dragon_immune 522,34,390,391,665,406,666,667,903,904,156,192,915,392,340,916,1152,905,906
dragon_transparent 523,195,196
dripstone_replaceable_blocks 1,2,4,6,982,1121
dry_vegetation_may_place_on 37,39,38,552,482,483,484,485,486,487,488,489,490,491,492,493,494,495,496,497,9,8,11,10,372,1119,1114,1158,1120,59,207
edible_for_sheep 130,134,135,131
emerald_ores 397,398
enchantment_power_provider 177
enchantment_power_transmitter 0,35,36,130,131,132,133,134,135,136,137,195,196,275,365,366,367,523,559,560,673,792,793,794,867,868,880,1113,1118
enderman_holdable 157,1161,159,160,161,162,163,164,165,166,167,168,170,169,158,1162,9,8,11,10,372,1119,1114,1158,1120,59,37,39,40,171,172,176,278,280,359,295,360,874,873,880,865,864,867,279
fall_damage_resetting 220,365,835,876,877,878,879,1105,1106,859,129
features_cannot_replace 34,197,200,391,1152,1155,1156
fence_gates 629,627,631,632,628,368,626,891,892,633,634,630
fences 283,638,640,641,635,636,637,887,888,642,643,639,381
fire 195,196
flower_pots 410,1163,1164,423,424,425,426,427,428,429,430,431,422,412,413,414,415,416,418,419,435,436,437,421,438,432,433,434,791,917,918,919,920,1146,1147,420,417,411
flowers 157,1161,159,160,161,162,163,164,165,166,167,168,170,169,158,1162,555,556,558,557,662,98,1109,33,93,1111,1112,655,1107,279
foxes_spawnable_on 8,275,277,11,10
frog_prefer_jump_to 373,1115
frogs_spawnable_on 8,1120,58,59
geode_invalid_blocks 34,35,36,276,554,787
goats_spawnable_on 8,1,275,277,554,40
gold_ores 42,48,43
guarded_by_piglins 1079,1080,1081,1082,1083,1084,1085,1086,173,837,200,399,933,468,1145,675,691,687,688,685,683,689,679,684,681,678,677,682,686,690,676,680,42,48,43
happy_ghast_avoids 859,278,169,669,195,1103
hoglin_repellents 865,918,294,916
ice 276,554,787,668
impermeable 101,299,300,301,302,303,304,305,306,307,308,309,310,311,312,313,314,997,522
incorrect_for_copper_tool 192,915,913,916,914,204,202,203,397,398,402,173,1145,42,43,270,271
incorrect_for_diamond_tool 
incorrect_for_gold_tool 192,915,913,916,914,204,202,203,397,398,402,173,1145,42,43,270,271,174,1143,44,45,104,102,103,1005,1144,1009,1010,1030,1026,1014,1007,1028,1024,1012,1008,1027,1023,1011,1006,1029,1025,1013,1031,1046,1042,1038,1032,1044,1040,1036,1033,1045,1041,1037,1034,1043,1039,1035,1154,1018,1017,1016,1015,1022,1021,1020,1019,1063,1064,1065,1066,1067,1068,1069,1070,1071,1072,1073,1074,1075,1076,1077,1078,1055,1056,1058,1057,1059,1060,1062,1061,1079,1080,1081,1082,1083,1084,1085,1086,1095,1096,1097,1098,1099,1100,1101,1102
incorrect_for_iron_tool 192,915,913,916,914
incorrect_for_netherite_tool 
incorrect_for_stone_tool 192,915,913,916,914,204,202,203,397,398,402,173,1145,42,43,270,271
incorrect_for_wooden_tool 192,915,913,916,914,204,202,203,397,398,402,173,1145,42,43,270,271,174,1143,44,45,104,102,103,1005,1144,1009,1010,1030,1026,1014,1007,1028,1024,1012,1008,1027,1023,1011,1006,1029,1025,1013,1031,1046,1042,1038,1032,1044,1040,1036,1033,1045,1041,1037,1034,1043,1039,1035,1154,1018,1017,1016,1015,1022,1021,1020,1019,1063,1064,1065,1066,1067,1068,1069,1070,1071,1072,1073,1074,1075,1076,1077,1078,1055,1056,1058,1057,1059,1060,1062,1061,1079,1080,1081,1082,1083,1084,1085,1086,1095,1096,1097,1098,1099,1100,1101,1102
infiniburn_end 284,669,34
infiniburn_nether 284,669
infiniburn_overworld 284,669
inside_step_sound_blocks 998,1002,366,373,981,1111,1112,1113
invalid_spawn_inside 390,665
iron_ores 44,45
jungle_logs 52,74,63,82
lanterns 847,848,849,853,850,854,851,855,852,856
lapis_ores 102,103
lava_pool_stone_cannot_replace 34,197,200,391,1152,1155,1156,91,88,89,95,94,92,90,97,98,96,93,55,77,66,85,56,20,67,86,49,71,68,79,53,75,64,83,51,73,62,81,52,74,63,82,50,72,61,80,57,78,69,87,54,76,65,84,869,870,871,872,860,861,862,863
leaves 91,88,89,95,94,92,90,97,98,96,93
lightning_rods 1095,1096,1097,1098,1099,1100,1101,1102
logs 55,77,66,85,56,20,67,86,49,71,68,79,53,75,64,83,51,73,62,81,52,74,63,82,50,72,61,80,57,78,69,87,54,76,65,84,869,870,871,872,860,861,862,863
logs_that_burn 55,77,66,85,56,20,67,86,49,71,68,79,53,75,64,83,51,73,62,81,52,74,63,82,50,72,61,80,57,78,69,87,54,76,65,84
lush_ground_replaceable 1,2,4,6,982,1121,1106,1105,9,8,11,10,372,1119,1114,1158,1120,59,280,40,37
maintains_farmland 363,361,364,362,663,439,440,660,158,661,206
mangrove_logs 57,78,69,87
mangrove_logs_can_grow_through 1120,59,58,96,57,33,1110,365
mangrove_roots_can_grow_through 1120,59,58,1110,365,33,275
mineable/axe 109,790,837,909,910,1116,1115,177,337,857,840,295,200,655,654,395,907,205,472,841,366,296,282,220,843,836,360,339,359,338,844,858,468,365,561,562,563,564,565,566,567,568,569,570,571,572,573,574,575,576,577,578,579,580,581,582,583,584,585,586,587,588,589,590,591,592,629,627,631,632,628,368,626,891,892,633,634,630,55,77,66,85,56,20,67,86,49,71,68,79,53,75,64,83,51,73,62,81,52,74,63,82,50,72,61,80,57,78,69,87,54,76,65,84,869,870,871,872,860,861,862,863,13,14,15,16,17,19,21,881,882,22,23,18,209,210,211,212,214,215,216,899,900,217,218,213,223,224,225,226,228,229,230,901,902,231,232,227,441,442,443,444,445,447,448,895,896,449,450,446,219,644,645,646,647,649,650,897,898,651,652,648,283,638,640,641,635,636,637,887,888,642,643,639,260,261,262,263,264,266,267,885,886,268,269,265,597,598,599,600,601,603,604,883,884,605,606,602,199,403,404,405,514,516,517,893,894,518,519,515,319,317,321,322,318,315,316,889,890,323,324,320,58,233,234,235,236,237,238,239,240,241,242,243,244,245,246,247,248,249,250,251,252,254,255,253,256,24,607,520,60,70,178,179,180,181,182,183,184,185,186,187,188,189,190,198
mineable/hoe 91,88,89,95,94,92,90,97,98,96,93,670,866,535,742,908,875,99,100,999,1000,1114,1110,1158,1159,1001,1003,1002,1004
mineable/pickaxe 1,2,3,4,5,6,7,12,42,43,44,45,46,47,48,102,103,104,105,106,107,108,173,174,175,191,192,197,202,203,204,208,222,258,259,270,271,284,287,288,325,326,327,328,369,370,380,381,382,384,385,392,396,397,398,399,402,469,470,473,474,475,476,477,478,479,481,482,483,484,485,486,487,488,489,490,491,492,493,494,495,496,497,524,525,526,527,528,529,530,531,532,533,552,553,593,594,595,596,608,609,610,611,612,613,614,615,617,618,619,620,621,622,623,624,625,656,657,658,659,669,671,672,674,692,693,694,695,696,697,698,699,700,701,702,703,704,705,706,707,708,709,710,711,712,713,714,715,716,717,718,719,720,721,722,723,746,747,748,749,750,751,752,753,754,755,756,757,758,759,760,766,767,768,769,770,776,777,778,779,780,795,796,797,798,799,800,801,802,803,804,805,806,807,808,809,810,811,812,813,814,815,816,817,818,819,820,821,838,839,842,845,846,864,873,913,914,915,916,921,922,923,925,926,927,928,929,930,931,933,934,935,936,939,940,941,982,996,1008,1007,1006,1005,1009,1010,1011,1012,1013,1014,1023,1024,1025,1026,1027,1028,1029,1030,1031,1032,1033,1034,1035,1036,1037,1038,1039,1040,1041,1042,1043,1044,1045,1046,1103,1104,1121,1122,1123,1124,1126,1127,1128,1130,1131,1132,1134,1135,1136,1138,1139,1140,1142,1143,1144,1145,276,554,787,138,128,139,978,981,980,979,976,977,332,336,335,1141,331,334,333,274,937,408,409,822,823,824,825,826,827,829,830,831,832,833,834,924,932,938,1125,1129,1133,1137,828,985,989,994,378,675,691,687,688,685,683,689,679,684,681,678,677,682,686,690,676,680,465,466,467,386,387,388,389,221,126,127,480,788,330,371,616,329,1154,983,984,990,986,987,988,991,992,993,995,1018,1017,1016,1015,1022,1021,1020,1019,1063,1064,1065,1066,1067,1068,1069,1070,1071,1072,1073,1074,1075,1076,1077,1078,1047,1048,1050,1049,1051,1052,1054,1053,1055,1056,1058,1057,1059,1060,1062,1061,1157,375,377,376,379,1079,1080,1081,1082,1083,1084,1085,1086,1087,1088,1089,1090,1091,1092,1093,1094,1095,1096,1097,1098,1099,1100,1101,1102,847,848,849,853,850,854,851,855,852,856,349,350,354,351,355,352,356,353,357,340,341,345,342,346,343,347,344,348
mineable/shovel 280,9,10,11,207,8,40,372,37,39,277,275,285,664,286,1119,59,1120,38,41,724,725,726,727,728,729,730,731,732,733,734,735,736,737,738,739
mob_interactable_doors 219,644,645,646,647,649,650,897,898,651,652,648,1047,1048,1050,1049,1051,1052,1054,1053
mooshrooms_spawnable_on 372
moss_replaceable 1,2,4,6,982,1121,1106,1105,9,8,11,10,372,1119,1114,1158,1120,59
mushroom_grow_block 372,11,873,864
needs_diamond_tool 192,915,913,916,914
needs_iron_tool 204,202,203,397,398,402,173,1145,42,43,270,271
needs_stone_tool 174,1143,44,45,104,102,103,1005,1144,1009,1010,1030,1026,1014,1007,1028,1024,1012,1008,1027,1023,1011,1006,1029,1025,1013,1031,1046,1042,1038,1032,1044,1040,1036,1033,1045,1041,1037,1034,1043,1039,1035,1154,1018,1017,1016,1015,1022,1021,1020,1019,1063,1064,1065,1066,1067,1068,1069,1070,1071,1072,1073,1074,1075,1076,1077,1078,1055,1056,1058,1057,1059,1060,1062,1061,1079,1080,1081,1082,1083,1084,1085,1086,1095,1096,1097,1098,1099,1100,1101,1102
nether_carver_replaceables 1,2,4,6,982,1121,284,287,922,9,8,11,10,372,1119,1114,1158,1120,59,873,864,670,866,285,286
nylium 873,864
oak_logs 49,71,68,79
occludes_vibration_signals 140,141,142,143,144,145,146,147,148,149,150,151,152,153,154,155
overworld_carver_replaceables 1,2,4,6,982,1121,9,8,11,10,372,1119,1114,1158,1120,59,37,39,38,552,482,483,484,485,486,487,488,489,490,491,492,493,494,495,496,497,44,45,1009,1010,275,277,998,35,40,41,106,593,996,554,1143,1144
overworld_natural_logs 53,51,49,52,50,55,56,57,54
pale_oak_logs 56,20,67,86
parrots_spawnable_on 8,0,91,88,89,95,94,92,90,97,98,96,93,55,77,66,85,56,20,67,86,49,71,68,79,53,75,64,83,51,73,62,81,52,74,63,82,50,72,61,80,57,78,69,87,54,76,65,84,869,870,871,872,860,861,862,863
piglin_repellents 196,289,848,290,858
planks 13,14,15,16,17,19,21,881,882,22,23,18
polar_bears_spawnable_on_alternate 276
portals 294,390,665
pressure_plates 469,470,260,261,262,263,264,266,267,885,886,268,269,265,258,936
prevent_mob_spawning_inside 221,126,127,480
rabbits_spawnable_on 8,275,277,37
rails 221,126,127,480
redstone_ores 270,271
replaceable 0,35,36,130,131,132,133,134,135,136,137,195,196,275,365,366,367,523,559,560,673,792,793,794,867,868,880,1113,1118
replaceable_by_mushrooms 91,88,89,95,94,92,90,97,98,96,93,157,1161,159,160,161,162,163,164,165,166,167,168,170,169,158,1162,1159,130,131,132,365,366,555,556,557,558,559,560,1118,662,35,136,137,171,172,337,338,867,868,880,1113,134,135,133,1165
replaceable_by_trees 91,88,89,95,94,92,90,97,98,96,93,157,1161,159,160,161,162,163,164,165,166,167,168,170,169,158,1162,1159,130,131,132,365,366,555,556,557,558,559,560,1118,662,35,136,137,133,1165,867,868,880,1113,134,135
sand 37,39,38
saplings 25,26,27,28,29,31,32,1108,1109,33,30
sculk_replaceable 1,2,4,6,982,1121,9,8,11,10,372,1119,1114,1158,1120,59,552,482,483,484,485,486,487,488,489,490,491,492,493,494,495,496,497,873,864,284,287,922,37,39,40,285,286,996,1142,280,1104,392,593,106
sculk_replaceable_world_gen 1,2,4,6,982,1121,9,8,11,10,372,1119,1114,1158,1120,59,552,482,483,484,485,486,487,488,489,490,491,492,493,494,495,496,497,873,864,284,287,922,37,39,40,285,286,996,1142,280,1104,392,593,106,1134,1130,1122,1139,1140,1126
shulker_boxes 675,691,687,688,685,683,689,679,684,681,678,677,682,686,690,676,680
signs 209,210,211,212,214,215,216,899,900,217,218,213,223,224,225,226,228,229,230,901,902,231,232,227
slabs 597,598,599,600,601,603,604,883,884,605,606,602,607,608,609,615,610,621,618,619,614,613,617,612,531,532,533,809,810,811,812,813,814,815,816,817,818,819,820,821,611,620,925,930,935,1124,1128,1132,1136,1044,1045,1046,1027,1028,1029,1030,1043,616,983,987,992,377
small_dripleaf_placeable 280,1114
small_flowers 157,1161,159,160,161,162,163,164,165,166,167,168,170,169,158,1162
smelts_to_glass 37,39
snaps_goat_horn 53,51,49,52,50,55,56,57,54,1,554,44,46,1009,397
sniffer_diggable_block 9,8,11,10,1119,1114,1158,1120,59
sniffer_egg_hatch_boost 1114
snow 275,277,998
snow_layer_can_survive_on 911,285,1120
snow_layer_cannot_survive_on 276,554,522
soul_fire_base_blocks 285,286
soul_speed_blocks 285,286
spruce_logs 50,72,61,80
stairs 199,403,404,405,514,516,517,893,894,518,519,515,520,222,396,382,370,369,658,479,596,529,528,530,795,796,797,798,799,800,801,802,803,804,805,806,807,808,923,931,934,1123,1127,1131,1135,1023,1024,1025,1026,1040,1041,1042,1039,371,984,988,993,376
standing_signs 209,210,211,212,214,215,216,899,900,217,218,213
stone_bricks 325,326,327,328
stone_buttons 274,937
stone_ore_replaceables 1,2,4,6
stone_pressure_plates 258,936
strider_warm_blocks 36
sword_efficient 91,88,89,95,94,92,90,97,98,96,93,365,366,359,295,296,360,395,1115,1116,654,655
sword_instantly_mines 790,789
terracotta 552,482,483,484,485,486,487,488,489,490,491,492,493,494,495,496,497
trail_ruins_replaceable 40
trapdoors 319,317,321,322,318,315,316,889,890,323,324,320,524,1055,1056,1058,1057,1059,1060,1062,1061
triggers_ambient_desert_dry_vegetation_block_sounds 552,482,483,484,485,486,487,488,489,490,491,492,493,494,495,496,497,37,39
triggers_ambient_desert_sand_block_sounds 37,39
triggers_ambient_dried_ghast_block_sounds 285,286
underwater_bonemeals 136,761,762,763,764,765,771,772,773,774,775,781,782,783,784,785
unstable_bottom_center 629,627,631,632,628,368,626,891,892,633,634,630
valid_spawn 8,11
vibration_resonators 976
wall_corals 781,782,783,784,785
wall_hanging_signs 245,246,247,248,249,250,251,252,254,255,253,256
wall_post_override 193,289,272,291,401,209,210,211,212,214,215,216,899,900,217,218,213,223,224,225,226,228,229,230,901,902,231,232,227,561,562,563,564,565,566,567,568,569,570,571,572,573,574,575,576,577,578,579,580,581,582,583,584,585,586,587,588,589,590,591,592,469,470,260,261,262,263,264,266,267,885,886,268,269,265,258,936,279
wall_signs 223,224,225,226,228,229,230,901,902,231,232,227
walls 408,409,822,823,824,825,826,827,829,830,831,832,833,834,924,932,938,1125,1129,1133,1137,828,985,989,994,378
warped_stems 860,861,862,863
wart_blocks 670,866
wither_immune 522,34,390,391,665,406,666,667,903,904,156,523,1152,905,906
wither_summon_base_blocks 285,286
wolves_spawnable_on 8,275,277,10,11
wooden_buttons 441,442,443,444,445,447,448,895,896,449,450,446
wooden_doors 219,644,645,646,647,649,650,897,898,651,652,648
wooden_fences 283,638,640,641,635,636,637,887,888,642,643,639
wooden_pressure_plates 260,261,262,263,264,266,267,885,886,268,269,265
wooden_shelves 179,180,181,182,183,184,185,186,187,188,189,190
wooden_slabs 597,598,599,600,601,603,604,883,884,605,606,602
wooden_stairs 199,403,404,405,514,516,517,893,894,518,519,515
wooden_trapdoors 319,317,321,322,318,315,316,889,890,323,324,320
wool 140,141,142,143,144,145,146,147,148,149,150,151,152,153,154,155
wool_carpets 536,537,538,539,540,541,542,543,544,545,546,547,548,549,550,551
tags damage_type 33
always_hurts_ender_dragons 15,9,35,1
always_kills_armor_stands 0,45,14,49,47
always_most_significant_fall 32
always_triggers_silverfish 27
avoids_guardian_thorns 27,43,15,9,35,1
burn_from_stepping 3,20
burns_armor_stands 31
bypasses_armor 31,22,4,6,16,18,48,5,40,10,8,17,39,27,23,32,19,36,33
bypasses_effects 40
bypasses_enchantments 36
bypasses_invulnerability 32,19
bypasses_resistance 32,19
bypasses_shield 31,22,4,6,16,18,48,5,40,10,8,17,39,27,23,32,19,36,33,2,3,7,11,13,20,21,24,25,42
bypasses_wolf_armor 32,19,4,6,7,17,22,23,27,33,40,43,48
can_break_armor_stand 35,34,37,26
damages_helmet 11,12,13
ignites_armor_stands 21,3
is_drowning 6
is_explosion 15,9,35,1
is_fall 10,8,39
is_fire 21,3,31,24,20,46,14
is_freezing 17
is_lightning 25
is_player_attack 34,37,26
is_projectile 0,45,30,46,14,49,44,47
mace_smash 26
no_anger 29
no_impact 6
no_knockback 9,35,1,21,25,31,24,20,22,4,6,40,2,10,8,16,32,18,27,48,5,7,42,17,39,33,19,3,37
panic_causes 2,17,20,21,24,25,31,0,5,9,14,15,23,27,28,30,35,36,41,44,45,46,47,48,49,34,37,26
panic_environmental_causes 2,17,20,21,24,25,31
witch_resistant_to 27,23,36,43
wither_immune_to 6
tags dialog 2
pause_screen_additions 
quick_actions 
tags enchantment 22
curse 2,41
double_trade_price 2,41,38,36,14,23,42
exclusive_set/armor 28,3,11,27
exclusive_set/boots 14,7
exclusive_set/bow 16,23
exclusive_set/crossbow 24,25
exclusive_set/damage 33,35,1,15,6,4
exclusive_set/mining 13,34
exclusive_set/riptide 19,5
in_enchanting_table 28,11,9,3,27,31,0,39,7,33,35,1,17,10,18,37,8,34,40,13,26,29,12,16,20,22,19,15,32,5,24,30,25,6,4,21
non_treasure 28,11,9,3,27,31,0,39,7,33,35,1,17,10,18,37,8,34,40,13,26,29,12,16,20,22,19,15,32,5,24,30,25,6,4,21
on_mob_spawn_equipment 28,11,9,3,27,31,0,39,7,33,35,1,17,10,18,37,8,34,40,13,26,29,12,16,20,22,19,15,32,5,24,30,25,6,4,21
on_random_loot 28,11,9,3,27,31,0,39,7,33,35,1,17,10,18,37,8,34,40,13,26,29,12,16,20,22,19,15,32,5,24,30,25,6,4,21,2,41,14,23
on_traded_equipment 28,11,9,3,27,31,0,39,7,33,35,1,17,10,18,37,8,34,40,13,26,29,12,16,20,22,19,15,32,5,24,30,25,6,4,21
prevents_bee_spawns_when_mining 34
prevents_decorated_pot_shattering 34
prevents_ice_melting 34
prevents_infested_spawns 34
smelts_loot 10
tooltip_order 2,41,32,5,42,14,21,33,35,1,15,26,6,4,25,37,24,10,12,17,29,28,3,11,27,9,13,18,34,20,8,30,22,31,0,36,38,7,39,19,40,16,23
tradeable 28,11,9,3,27,31,0,39,7,33,35,1,17,10,18,37,8,34,40,13,26,29,12,16,20,22,19,15,32,5,24,30,25,6,4,21,2,41,14,23
treasure 2,41,38,36,14,23,42
tags entity_type 46
accepts_iron_golem_gift 28
aquatic 137,7,63,40,27,107,110,136,35,127,61,130,88,152
arrows 6,123
arthropod 11,42,114,124,22
axolotl_always_hostiles 38,63,40
axolotl_hunt_targets 136,107,110,27,127,61,130
beehive_inhabitors 11
boat 89,125,12,74,0,23,33,94,81,9
burn_in_daylight 115,128,146,16,150,151,153,38,152,99
can_breathe_under_water 115,128,146,116,16,97,151,20,150,153,154,149,38,67,152,145,99,7,55,63,40,137,61,27,107,110,127,136,130,5,28,88
can_equip_harness 58
can_equip_saddle 66,116,151,36,87,100,129,19,20,88,152
can_float_while_ridden 66,151,87,36,19,20
can_turn_in_boats 17
can_wear_horse_armor 66,151
can_wear_nautilus_armor 88,152
candidate_for_iron_golem_gift 139,28
cannot_be_pushed_onto_boats 155,40,27,107,110,136,35,127,61,130,31,88,152
deflects_projectiles 17
dismounts_underwater 19,26,36,58,66,78,87,100,109,124,129,134,151
fall_damage_immune 28,70,121,112,2,10,11,14,21,26,57,58,99,80,91,98,145,17
followable_friendly_mobs 4,11,19,21,26,30,36,54,62,58,66,116,78,87,91,96,98,100,104,108,111,119,129,139,148
freeze_hurts_extra_types 129,14,80
freeze_immune_entity_types 128,104,121,145
frog_food 117,80
ignores_poison_and_regen 115,128,146,116,16,97,151,20,150,153,154,149,38,67,152,145,99
illager 46,68,103,140
illager_friends 46,68,103,140
immune_to_infested 114
immune_to_oozing 117
impact_projectiles 6,123,53,120,52,118,39,135,37,147,143,18
inverted_healing_and_harm 115,128,146,116,16,97,151,20,150,153,154,149,38,67,152,145,99
nautilus_hostiles 107
no_anger_from_wind_charge 17,115,16,128,150,67,124,22,117
non_controlling_rider 117,80
not_scary_for_pufferfish 137,63,40,27,107,110,136,35,127,61,130,88,152
powder_snow_walkable_mobs 108,42,114,54
raiders 46,103,109,140,68,144
redirectable_projectile 52,143,18
sensitive_to_bane_of_arthropods 11,42,114,124,22
sensitive_to_impaling 137,7,63,40,27,107,110,136,35,127,61,130,88,152
sensitive_to_smite 115,128,146,116,16,97,151,20,150,153,154,149,38,67,152,145,99
skeletons 115,128,146,116,16,97
undead 115,128,146,116,16,97,151,20,150,153,154,149,38,67,152,145,99
wither_friends 115,128,146,116,16,97,151,20,150,153,154,149,38,67,152,145,99
zombies 151,20,150,153,154,149,38,67,152
tags fluid 2
lava 4,3
water 2,1
tags game_event 5
allay_can_listen 33
ignore_vibrations_sneaking 26,36,41,42,29,28
shrieker_can_listen 37
vibrations 1,2,3,5,6,7,8,0,4,9,10,11,12,13,14,15,16,17,18,19,20,21,22,24,25,26,27,28,32,33,34,35,36,38,40,41,42,43,44,45,46,47,48,49,50,51,52,53,54,55,56,57,58,59,23
warden_can_listen 1,2,3,5,6,7,8,0,4,9,10,11,12,13,14,15,16,17,18,19,20,21,22,24,25,26,27,28,32,33,34,35,36,38,40,41,42,43,44,45,46,47,48,49,50,51,52,53,54,55,56,57,58,59,39,37
tags instrument 3
goat_horns 4,6,5,3,0,1,7,2
regular_goat_horns 4,6,5,3
screaming_goat_horns 0,1,7,2
tags item 198
acacia_logs 138,175,152,163
anvil 478,479,480
armadillo_food 1122
arrows 895,1293,1292
axes 939,924,929,944,914,934,919
axolotl_food 1022
bamboo_blocks 147,170
banners 1266,1267,1268,1269,1270,1271,1272,1273,1274,1275,1276,1277,1278,1279,1280,1281
bars 390,391,395,392,396,393,397,394,398
beacon_payment_items 909,899,898,908,904
beds 1100,1101,1097,1098,1095,1093,1099,1089,1094,1091,1088,1087,1092,1096,1086,1090
bee_food 229,230,232,233,234,235,236,237,238,239,240,241,242,243,244,524,525,527,526,245,192,206,57,187,258,259,325,246,341
birch_logs 136,173,150,161
boats 863,865,867,869,871,875,877,879,881,873,864,866,868,870,872,876,878,880,882,874
book_cloning_target 1220
bookshelf_books 1029,1221,1244,1220,1307
breaks_decorated_pots 936,921,926,941,911,931,916,939,924,929,944,914,934,919,938,923,928,943,913,933,918,937,922,927,942,912,932,917,940,925,930,945,915,935,920,1331,1223
brewing_fuel 1124
bundles 1036,1052,1048,1049,1046,1044,1050,1040,1045,1042,1039,1038,1043,1047,1051,1041,1037
buttons 751,752,753,754,755,757,758,761,762,759,760,756,749,750
camel_food 340
camel_husk_food 1252
candles 1398,1399,1400,1401,1402,1403,1404,1405,1406,1407,1408,1409,1410,1411,1412,1413,1414
cat_food 1057,1058
chains 399,400,404,401,405,402,406,403,407
cherry_logs 139,176,153,164
chest_armor 955,959,963,975,967,971,979
chest_boats 864,866,868,870,872,876,878,880,882,874
chicken_food 951,1109,1108,1288,1285,1286
cluster_max_harvestables 938,928,933,943,923,913,918
coal_ores 64,65
coals 896,897
compasses 1034,1035
completes_find_tree_tutorial 141,178,154,165,140,177,155,166,134,171,148,159,138,175,152,163,136,173,150,161,137,174,151,162,135,172,149,160,142,179,156,167,139,176,153,164,145,157,180,168,146,158,181,169,185,182,183,189,188,186,184,191,192,190,187,576,577
copper 91,95,96,97,114,115,116,117
copper_chests 1484,1485,1486,1487,1488,1489,1490,1491
copper_golem_statues 1492,1493,1494,1495,1496,1497,1498,1499
copper_ores 68,69
copper_tool_materials 906
cow_food 952
creeper_drop_music_discs 1309,1310,1311,1312,1315,1317,1318,1319,1320,1321,1322,1323
creeper_igniters 891,1218
crimson_stems 145,157,180,168
dampens_vibrations 213,214,215,216,217,218,219,220,221,222,223,224,225,226,227,228,505,506,507,508,509,510,511,512,513,514,515,516,517,518,519,520
dark_oak_logs 141,178,154,165
decorated_pot_ingredients 1025,1445,1446,1447,1448,1449,1450,1451,1452,1454,1456,1457,1458,1459,1460,1461,1462,1464,1465,1466,1467,1453,1455,1463
decorated_pot_sherds 1445,1446,1447,1448,1449,1450,1451,1452,1454,1456,1457,1458,1459,1460,1461,1462,1464,1465,1466,1467,1453,1455,1463
diamond_ores 78,79
diamond_tool_materials 898
dirt 28,27,30,29,422,31,262,265,32,144
doors 780,781,782,783,784,786,787,790,791,788,789,785,792,793,794,795,796,797,798,799,779
drowned_preferred_weapons 1331
duplicates_allays 902
dyeable 954,955,956,957,1260,890
eggs 1031,1032,1033
emerald_ores 74,75
enchantable/armor 957,961,965,977,969,973,981,956,960,964,976,968,972,980,955,959,963,975,967,971,979,954,958,962,974,966,970,978,887
enchantable/bow 894
enchantable/chest_armor 955,959,963,975,967,971,979
enchantable/crossbow 1339
enchantable/durability 957,961,965,977,969,973,981,956,960,964,976,968,972,980,955,959,963,975,967,971,979,954,958,962,974,966,970,978,887,862,1295,936,921,926,941,911,931,916,939,924,929,944,914,934,919,938,923,928,943,913,933,918,937,922,927,942,912,932,917,940,925,930,945,915,935,920,894,1339,1331,891,1105,1425,1053,859,860,1223,1301,1297,1300,1302,1296,1299,1298
enchantable/equippable 957,961,965,977,969,973,981,956,960,964,976,968,972,980,955,959,963,975,967,971,979,954,958,962,974,966,970,978,887,862,1235,1237,1236,1233,1234,1238,1239,357
enchantable/fire_aspect 936,921,926,941,911,931,916,1301,1297,1300,1302,1296,1299,1298,1223
enchantable/fishing 1053
enchantable/foot_armor 957,961,965,977,969,973,981
enchantable/head_armor 954,958,962,974,966,970,978,887
enchantable/leg_armor 956,960,964,976,968,972,980
enchantable/lunge 1301,1297,1300,1302,1296,1299,1298
enchantable/mace 1223
enchantable/melee_weapon 936,921,926,941,911,931,916,1301,1297,1300,1302,1296,1299,1298
enchantable/mining 939,924,929,944,914,934,919,938,923,928,943,913,933,918,937,922,927,942,912,932,917,940,925,930,945,915,935,920,1105
enchantable/mining_loot 939,924,929,944,914,934,919,938,923,928,943,913,933,918,937,922,927,942,912,932,917,940,925,930,945,915,935,920
enchantable/sharp_weapon 936,921,926,941,911,931,916,1301,1297,1300,1302,1296,1299,1298,939,924,929,944,914,934,919
enchantable/sweeping 936,921,926,941,911,931,916
enchantable/trident 1331
enchantable/vanishing 957,961,965,977,969,973,981,956,960,964,976,968,972,980,955,959,963,975,967,971,979,954,958,962,974,966,970,978,887,862,1295,936,921,926,941,911,931,916,939,924,929,944,914,934,919,938,923,928,943,913,933,918,937,922,927,942,912,932,917,940,925,930,945,915,935,920,894,1339,1331,891,1105,1425,1053,859,860,1223,1301,1297,1300,1302,1296,1299,1298,1034,357,1235,1237,1236,1233,1234,1238,1239
enchantable/weapon 936,921,926,941,911,931,916,1301,1297,1300,1302,1296,1299,1298,939,924,929,944,914,934,919,1223
fence_gates 825,823,827,828,824,821,822,831,832,829,830,826
fences 344,348,350,351,345,346,347,354,355,352,353,349,427
fishes 1057,1061,1058,1062,1060,1059
flowers 229,230,232,233,234,235,236,237,238,239,240,241,242,243,244,231,524,525,527,526,245,192,206,57,187,258,259,325,246,341
foot_armor 957,961,965,977,969,973,981
fox_food 1373,1374
freeze_immune_wearables 957,956,955,954,1260
frog_food 1030
furnace_minecart_fuel 896,897
gaze_disguise_equipment 357
goat_food 952
gold_ores 70,80,71
gold_tool_materials 908
hanging_signs 1000,1001,1002,1004,1005,1003,1006,1007,1010,1011,1008,1009
happy_ghast_food 1016
happy_ghast_tempt_items 1016,838,839,840,841,842,843,844,845,846,847,848,849,850,851,852,853
harnesses 838,839,840,841,842,843,844,845,846,847,848,849,850,851,852,853
head_armor 954,958,962,974,966,970,978,887
hoes 940,925,930,945,915,935,920
hoglin_food 249
horse_food 952,1084,504,893,1227,1232,986,987
horse_tempt_items 1232,986,987
ignored_by_piglin_babies 1017
iron_ores 66,67
iron_tool_materials 904
jungle_logs 137,174,151,162
lanterns 1363,1364,1365,1369,1366,1370,1367,1371,1368,1372
lapis_ores 76,77
leaves 185,182,183,189,188,186,184,191,192,190,187
lectern_books 1221,1220
leg_armor 956,960,964,976,968,972,980
lightning_rods 733,734,735,736,737,738,739,740
llama_food 952,504
llama_tempt_items 504
logs 141,178,154,165,140,177,155,166,134,171,148,159,138,175,152,163,136,173,150,161,137,174,151,162,135,172,149,160,142,179,156,167,139,176,153,164,145,157,180,168,146,158,181,169
logs_that_burn 141,178,154,165,140,177,155,166,134,171,148,159,138,175,152,163,136,173,150,161,137,174,151,162,135,172,149,160,142,179,156,167,139,176,153,164
mangrove_logs 142,179,156,167
map_invisibility_equipment 357
meat 1110,1112,1111,1113,1265,984,1250,1264,983,1249,1114
nautilus_bucket_food 1019,1021,1020,1022
nautilus_food 1057,1061,1058,1062,1060,1059,1019,1021,1020,1022
nautilus_taming_items 1019,1060
netherite_tool_materials 909
non_flammable_wood 146,158,181,169,145,157,180,168,46,47,281,282,777,778,354,355,811,812,831,832,452,453,761,762,790,791,998,999,1011,1010,316,309
noteblock_top_instruments 1236,1233,1237,1238,1234,1239,1235
oak_logs 134,171,148,159
ocelot_food 1057,1058
pale_oak_logs 140,177,155,166
panda_eats_from_ground 269,1085
panda_food 269
parrot_food 951,1109,1108,1288,1285,1286
parrot_poisonous_food 1102
pickaxes 938,923,928,943,913,933,918
pig_food 1227,1228,1287
piglin_food 983,984
piglin_loved 70,80,71,92,1388,765,908,1362,1054,1232,1129,986,987,974,975,976,977,1257,1334,926,1300,928,927,929,930,907,86
piglin_preferred_weapons 1339,1300
piglin_repellents 365,1364,1376
piglin_safe_armor 974,975,976,977
pillager_preferred_weapons 1339
planks 36,37,38,39,40,42,43,46,47,44,45,41
rabbit_food 1227,1232,229
rails 835,833,834,836
redstone_ores 72,73
repairs_chain_armor 904
repairs_copper_armor 906
repairs_diamond_armor 898
repairs_gold_armor 908
repairs_iron_armor 904
repairs_leather_armor 1017
repairs_netherite_armor 909
repairs_turtle_helmet 888
repairs_wolf_armor 889
sand 59,62,60
saplings 49,50,51,52,53,55,56,205,206,57,54
shearable_from_copper_golem 232
sheep_food 952
shovels 937,922,927,942,912,932,917
shulker_boxes 581,597,593,594,591,589,595,585,590,587,584,583,588,592,596,582,586
signs 988,989,990,992,991,994,995,998,999,996,997,993
skeleton_preferred_weapons 894
skulls 1235,1237,1236,1233,1234,1238,1239
slabs 270,271,272,273,274,276,277,281,282,278,279,275,280,283,284,290,285,296,293,294,289,288,292,287,297,298,299,699,700,701,702,703,704,705,706,707,708,709,710,711,286,295,1386,1394,1390,712,713,715,714,132,131,130,113,112,111,110,133,291,13,18,22,416
small_flowers 229,230,232,233,234,235,236,237,238,239,240,241,242,243,244,231
smelts_to_glass 59,62
sniffer_food 1285
soul_fire_base_blocks 360,361
spears 1301,1297,1300,1302,1296,1299,1298
spruce_logs 135,172,149,160
stairs 441,442,443,444,445,447,448,452,453,449,450,446,451,336,438,428,420,419,328,485,572,566,565,567,681,682,683,684,685,686,687,688,689,690,691,692,693,694,1387,1395,1391,695,696,698,697,109,108,107,106,128,127,126,129,421,14,19,23,415
stone_bricks 375,376,377,378
stone_buttons 749,750
stone_crafting_materials 35,1385,9
stone_tool_materials 35,1385,9
strider_food 250
strider_tempt_items 250,860
swords 936,921,926,941,911,931,916
terracotta 521,486,487,488,489,490,491,492,493,494,495,496,497,498,499,500,501
trapdoors 805,803,807,808,804,801,802,811,812,809,810,806,800,813,814,815,816,817,818,819,820
trim_materials 902,906,898,899,908,904,900,909,901,717,1246
trimmable_armor 957,961,965,977,969,973,981,956,960,964,976,968,972,980,955,959,963,975,967,971,979,954,958,962,974,966,970,978,887
turtle_food 211
villager_picks_up 951,1228,1227,1288,1285,1286,953,952,1287
villager_plantable_seeds 951,1228,1227,1288,1285,1286
walls 456,457,458,459,460,461,462,463,465,466,467,468,469,470,471,473,472,474,475,477,476,464,15,20,24,417
warped_stems 146,158,181,169
wart_blocks 576,577
wither_skeleton_disliked_weapons 894,1339
wolf_food 1110,1112,1111,1113,1265,984,1250,1264,983,1249,1114,1057,1061,1058,1062,1059,1060,1251
wooden_buttons 751,752,753,754,755,757,758,761,762,759,760,756
wooden_doors 780,781,782,783,784,786,787,790,791,788,789,785
wooden_fences 344,348,350,351,345,346,347,354,355,352,353,349
wooden_pressure_plates 767,768,769,770,771,773,774,777,778,775,776,772
wooden_shelves 305,306,307,308,309,310,311,312,313,314,315,316
wooden_slabs 270,271,272,273,274,276,277,281,282,278,279,275
wooden_stairs 441,442,443,444,445,447,448,452,453,449,450,446
wooden_tool_materials 36,37,38,39,40,42,43,46,47,44,45,41
wooden_trapdoors 805,803,807,808,804,801,802,811,812,809,810,806
wool 213,214,215,216,217,218,219,220,221,222,223,224,225,226,227,228
wool_carpets 505,506,507,508,509,510,511,512,513,514,515,516,517,518,519,520
zombie_horse_food 248
tags painting_variant 1
placeable 24,1,0,2,5,32,47,35,12,37,42,13,46,22,26,8,40,45,39,50,19,33,31,7,38,15,4,23,27,36,44,3,6,9,10,11,17,18,20,25,28,29,30,34,41,43,14
tags point_of_interest_type 3
acquirable_job_site 0,1,2,3,4,5,6,7,8,9,10,11,12
bee_home 15,16
village 0,1,2,3,4,5,6,7,8,9,10,11,12,13,14
tags timeline 4
in_end 3
in_nether 3
in_overworld 3,0,2,1
universal 3
tags worldgen/biome 68
allows_surface_slime_spawns 54,31
allows_tropical_fish_spawns_at_any_height 30
has_structure/ancient_city 10
has_structure/bastion_remnant 7,34,49,59
has_structure/buried_treasure 3,45
has_structure/desert_pyramid 14
has_structure/end_city 17,18
has_structure/igloo 48,46,47
has_structure/jungle_temple 1,28
has_structure/mineshaft 11,9,13,12,22,35,6,29,58,41,24,3,45,32,23,27,51,47,5,62,60,61,55,48,37,38,1,28,50,21,20,4,36,8,39,25,52,33,26,63,14,42,46,40,53,54,31,43,15,30
has_structure/mineshaft_mesa 0,19,64
has_structure/nether_fortress 34,49,7,59,2
has_structure/nether_fossil 49
has_structure/ocean_monument 11,9,13,12
has_structure/ocean_ruin_cold 22,6,35,11,9,13
has_structure/ocean_ruin_warm 29,58,12
has_structure/pillager_outpost 14,40,42,46,55,32,23,27,51,47,5,25
has_structure/ruined_portal_desert 14
has_structure/ruined_portal_jungle 1,28,50
has_structure/ruined_portal_mountain 0,19,64,62,60,61,43,63,52,32,23,27,51,47,5
has_structure/ruined_portal_nether 34,49,7,59,2
has_structure/ruined_portal_ocean 11,9,13,12,22,35,6,29,58
has_structure/ruined_portal_standard 3,45,41,24,55,48,37,38,21,20,4,36,8,39,25,33,26,15,30,42,46,40,53
has_structure/ruined_portal_swamp 54,31
has_structure/shipwreck 11,9,13,12,22,35,6,29,58
has_structure/shipwreck_beached 3,45
has_structure/stronghold 33,11,22,9,6,13,35,12,29,58,52,54,31,47,46,45,61,25,62,48,60,55,40,32,3,21,38,20,4,8,39,43,42,28,0,14,64,27,51,24,41,26,37,53,36,50,1,19,63,5,23,15,30,10
has_structure/swamp_hut 54
has_structure/trail_ruins 55,48,37,38,36,28
has_structure/trial_chambers 33,11,22,9,6,13,35,12,29,58,52,54,31,47,46,45,61,25,62,48,60,55,40,32,3,21,38,20,4,8,39,43,42,28,0,14,64,27,51,24,41,26,37,53,36,50,1,19,63,5,23,15,30
has_structure/village_desert 14
has_structure/village_plains 40,32
has_structure/village_savanna 42
has_structure/village_snowy 46
has_structure/village_taiga 55
has_structure/woodland_mansion 8,39
is_badlands 0,19,64
is_beach 3,45
is_deep_ocean 11,9,13,12
is_end 56,17,18,44,16
is_forest 21,20,4,36,8,39,25
is_hill 62,60,61
is_jungle 1,28,50
is_mountain 32,23,27,51,47,5
is_nether 34,49,7,59,2
is_ocean 11,9,13,12,22,35,6,29,58
is_overworld 33,11,22,9,6,13,35,12,29,58,52,54,31,47,46,45,61,25,62,48,60,55,40,32,3,21,38,20,4,8,39,43,42,28,0,14,64,27,51,24,41,26,37,53,36,50,1,19,63,5,23,15,30,10
is_river 41,24
is_savanna 42,43,63
is_taiga 55,48,37,38
mineshaft_blocking 10
more_frequent_drowned_spawns 41,24
polar_bears_spawn_on_alternate_blocks 22,11
produces_corals_from_bonemeal 58
reduce_water_ambient_spawns 41,24
required_ocean_monument_surrounding 11,9,13,12,22,35,6,29,58,41,24
spawns_cold_variant_farm_animals 46,26,23,27,47,22,11,25,10,24,48,45,56,17,18,44,16,6,9,37,38,55,60,61,62,51
spawns_cold_variant_frogs 46,26,23,27,47,22,11,25,10,24,48,45,56,17,18,44,16
spawns_coral_variant_zombie_nautilus 58
spawns_gold_rabbits 14
spawns_snow_foxes 46,26,22,48,24,45,23,27,47,25
spawns_warm_variant_farm_animals 14,58,1,28,50,42,43,63,34,49,7,59,2,0,19,64,31,12,29
spawns_warm_variant_frogs 14,58,1,28,50,42,43,63,34,49,7,59,2,0,19,64,31
spawns_white_rabbits 46,26,22,48,24,45,23,27,47,25
stronghold_biased_to 40,53,46,26,14,21,20,4,8,39,36,37,38,55,48,42,43,62,61,60,63,28,50,1,0,19,64,32,5,25,47,23,27,51,33,15,30
water_on_map_outlines 11,9,13,12,22,35,6,29,58,41,24,54,31
without_wandering_trader_spawns 57
without_zombie_sieges 33
features 1
vanilla
