registry worldgen/biome 64
badlands
bamboo_jungle
basalt_deltas
beach
birch_forest
cherry_grove
cold_ocean
crimson_forest
dark_forest
deep_cold_ocean
deep_dark
deep_frozen_ocean
deep_lukewarm_ocean
deep_ocean
desert
dripstone_caves
end_barrens
end_highlands
end_midlands
eroded_badlands
flower_forest
forest
frozen_ocean
frozen_peaks
frozen_river
grove
ice_spikes
jagged_peaks
jungle
lukewarm_ocean
lush_caves
mangrove_swamp
meadow
mushroom_fields
nether_wastes
ocean
old_growth_birch_forest
old_growth_pine_taiga
old_growth_spruce_taiga
plains
river
savanna
savanna_plateau
small_end_islands
snowy_beach
snowy_plains
snowy_slopes
snowy_taiga
soul_sand_valley
sparse_jungle
stony_peaks
stony_shore
sunflower_plains
swamp
taiga
the_end
the_void
warm_ocean
warped_forest
windswept_forest
windswept_gravelly_hills
windswept_hills
windswept_savanna
wooded_badlands
registry chat_type 7
chat
emote_command
msg_command_incoming
msg_command_outgoing
say_command
team_msg_command_incoming
team_msg_command_outgoing
registry trim_pattern 18
bolt
coast
dune
eye
flow
host
raiser
rib
sentry
shaper
silence
snout
spire
tide
vex
ward
wayfinder
wild
registry trim_material 10
amethyst
copper
diamond
emerald
gold
iron
lapis
netherite
quartz
redstone
registry wolf_variant 9
ashen
black
chestnut
pale
rusty
snowy
spotted
striped
woods
registry painting_variant 50
alban
aztec
aztec2
backyard
baroque
bomb
bouquet
burning_skull
bust
cavebird
changing
cotan
courbet
creebet
donkey_kong
earth
endboss
fern
fighters
finding
fire
graham
humble
kebab
lowmist
match
meditative
orb
owlemons
passage
pigscene
plant
pointer
pond
pool
prairie_ride
sea
skeleton
skull_and_roses
stage
sunflowers
sunset
tides
unpacked
void
wanderer
wasteland
water
wind
wither
registry dimension_type 4
overworld
overworld_caves
the_end
the_nether
registry damage_type 49
arrow
bad_respawn_point
cactus
campfire
cramming
dragon_breath
drown
dry_out
ender_pearl
explosion
fall
falling_anvil
falling_block
falling_stalactite
fireball
fireworks
fly_into_wall
freeze
generic
generic_kill
hot_floor
in_fire
in_wall
indirect_magic
lava
lightning_bolt
mace_smash
magic
mob_attack
mob_attack_no_aggro
mob_projectile
on_fire
out_of_world
outside_border
player_attack
player_explosion
sonic_boom
spit
stalagmite
starve
sting
sweet_berry_bush
thorns
thrown
trident
unattributed_fireball
wind_charge
wither
wither_skull
registry banner_pattern 43
base
border
bricks
circle
creeper
cross
curly_border
diagonal_left
diagonal_right
diagonal_up_left
diagonal_up_right
flow
flower
globe
gradient
gradient_up
guster
half_horizontal
half_horizontal_bottom
half_vertical
half_vertical_right
mojang
piglin
rhombus
skull
small_stripes
square_bottom_left
square_bottom_right
square_top_left
square_top_right
straight_cross
stripe_bottom
stripe_center
stripe_downleft
stripe_downright
stripe_left
stripe_middle
stripe_right
stripe_top
triangle_bottom
triangle_top
triangles_bottom
triangles_top
registry enchantment 42
aqua_affinity
bane_of_arthropods
binding_curse
blast_protection
breach
channeling
density
depth_strider
efficiency
feather_falling
fire_aspect
fire_protection
flame
fortune
frost_walker
impaling
infinity
knockback
looting
loyalty
luck_of_the_sea
lure
mending
multishot
piercing
power
projectile_protection
protection
punch
quick_charge
respiration
riptide
sharpness
silk_touch
smite
soul_speed
sweeping_edge
swift_sneak
thorns
unbreaking
vanishing_curse
wind_burst
registry jukebox_song 19
11
13
5
blocks
cat
chirp
creator
creator_music_box
far
mall
mellohi
otherside
pigstep
precipice
relic
stal
strad
wait
ward
registry instrument 8
admire_goat_horn
call_goat_horn
dream_goat_horn
feel_goat_horn
ponder_goat_horn
seek_goat_horn
sing_goat_horn
yearn_goat_horn
tags banner_pattern 11
no_item_required 26,27,28,29,31,38,35,37,32,36,34,33,25,5,30,39,40,41,42,7,10,9,8,3,23,19,17,20,18,1,14,15
pattern_item/bordure_indented 6
pattern_item/creeper 4
pattern_item/field_masoned 2
pattern_item/flow 11
pattern_item/flower 12
pattern_item/globe 13
pattern_item/guster 16
pattern_item/mojang 21
pattern_item/piglin 22
pattern_item/skull 24
tags block 185
acacia_logs 53,75,64,83
air 0,750,751
all_hanging_signs 218,219,220,221,222,223,224,226,227,228,229,230,231,232,233,234,235,236,239,240,238,241
all_signs 194,195,196,197,199,200,849,850,202,203,198,208,209,210,211,213,214,851,852,216,217,212,218,219,220,221,222,223,224,226,227,228,229,230,231,232,233,234,235,236,239,240,238,241
ancient_city_replaceable 1044,1057,1053,1059,1055,1058,1056,1060,1045,1062,1063,144
animals_spawnable_on 8
anvil 424,425,426
armadillo_spawnable_on 8,511,441,445,442,455,453,449,39,10
axolotls_spawnable_on 264
azalea_grows_on 9,8,11,10,337,1042,1037,1043,59,37,39,38,511,441,442,443,444,445,446,447,448,449,450,451,452,453,454,455,456,262,946
azalea_root_replaceable 1,2,4,6,930,1044,9,8,11,10,337,1042,1037,1043,59,511,441,442,443,444,445,446,447,448,449,450,451,452,453,454,455,456,39,264,40,37,262,946
badlands_terracotta 511,441,445,442,455,453,449
bamboo_blocks 60,70
bamboo_plantable_on 37,39,38,9,8,11,10,337,1042,1037,1043,59,748,747,40,41
banners 520,521,522,523,524,525,526,527,528,529,530,531,532,533,534,535,536,537,538,539,540,541,542,543,544,545,546,547,548,549,550,551
base_stone_nether 268,271,870
base_stone_overworld 1,2,4,6,930,1044
bats_spawnable_on 1,2,4,6,930,1044
beacon_base_blocks 861,361,189,170,171
beds 124,125,121,122,119,117,123,113,118,115,112,111,116,120,110,114
bee_growables 622,398,399,191,330,329,619,620,809,1030,1031
beehives 857,858
big_dripleaf_placeable 264,1037,9,8,11,10,337,1042,1043,59,192
birch_logs 51,73,62,81
blocks_wind_charge_explosions 481,34
buttons 400,401,402,403,404,406,845,846,408,409,405,259,885
camel_sand_step_sound_blocks 37,39,38,683,684,685,686,687,688,689,690,691,692,693,694,695,696,697,698
campfires 807,808
candle_cakes 907,908,909,910,911,912,913,914,915,916,917,918,919,920,921,922,923
candles 890,891,892,893,894,895,896,897,898,899,900,901,902,903,904,905,906
cauldrons 345,346,347,348
cave_vines 1031,1030
ceiling_hanging_signs 218,219,220,221,222,223,224,226,227,228,229
cherry_logs 54,76,65,84
climbable 205,331,793,826,827,828,829,1030,1031
coal_ores 46,47
combination_step_sound_blocks 495,496,497,498,499,500,501,502,503,504,505,506,507,508,509,510,1035,260,818,817,830
completes_find_tree_tutorial 55,77,66,85,49,71,68,79,53,75,64,83,51,73,62,81,52,74,63,82,50,72,61,80,57,78,69,87,54,76,65,84,819,820,821,822,810,811,812,813,91,88,89,94,92,90,97,98,96,93,629,816
concrete_powder 683,684,685,686,687,688,689,690,691,692,693,694,695,696,697,698
convertable_to_mud 9,10,1042
copper_ores 957,958
coral_blocks 709,710,711,712,713
coral_plants 719,720,721,722,723
corals 719,720,721,722,723,729,730,731,732,733
crimson_stems 819,820,821,822
crops 622,398,399,191,330,329,619,620
crystal_sound_blocks 924,925
dampens_vibrations 137,138,139,140,141,142,143,144,145,146,147,148,149,150,151,152,495,496,497,498,499,500,501,502,503,504,505,506,507,508,509,510
dark_oak_logs 55,77,66,85
dead_bush_may_place_on 37,39,38,511,441,442,443,444,445,446,447,448,449,450,451,452,453,454,455,456,9,8,11,10,337,1042,1037,1043,59
deepslate_ore_replaceables 1044,930
diamond_ores 187,188
dirt 9,8,11,10,337,1042,1037,1043,59
does_not_block_hoppers 857,858
doors 204,603,604,605,606,608,847,848,610,611,607,995,996,998,997,999,1000,1002,1001,244
dragon_immune 481,34,349,350,624,365,625,626,853,854,153,177,863,351,322,864,1075
dragon_transparent 482,180,181
dripstone_replaceable_blocks 1,2,4,6,930,1044
emerald_ores 356,357
enchantment_power_provider 174
enchantment_power_transmitter 0,35,36,130,131,132,133,134,180,181,260,331,332,482,518,519,632,750,751,752,817,818,830,1041
enderman_holdable 154,156,157,158,159,160,161,162,163,164,165,167,166,155,9,8,11,10,337,1042,1037,1043,59,37,39,40,168,169,173,263,264,325,277,326,824,823,830,815,814,817
fall_damage_resetting 205,331,793,826,827,828,829,1030,1031,809,129
features_cannot_replace 34,182,185,350,1075,1078,1079
fence_gates 588,586,590,587,333,585,841,842,592,593,589
fences 267,597,599,594,595,596,837,838,601,602,598,340
fire 180,181
flower_pots 369,382,383,384,385,386,387,388,389,390,381,371,372,373,374,375,377,394,395,396,380,397,391,392,393,749,865,866,867,868,1069,1070,379,376,370
flowers 154,156,157,158,159,160,161,162,163,164,165,167,166,155,514,515,517,516,621,98,1034,33,93,1036,614,1032
foxes_spawnable_on 8,260,262,11,10
frog_prefer_jump_to 338,1038
frogs_spawnable_on 8,1043,58,59
geode_invalid_blocks 34,35,36,261,513,745
goats_spawnable_on 8,1,260,262,513,40
gold_ores 42,48,43
guarded_by_piglins 170,795,185,358,881,427,1068,634,650,646,647,644,642,648,638,643,640,637,636,641,645,649,635,639,42,48,43
hoglin_repellents 815,866,276,864
ice 261,513,745,627
impermeable 101,281,282,283,284,285,286,287,288,289,290,291,292,293,294,295,296,945
incorrect_for_diamond_tool 
incorrect_for_gold_tool 177,863,861,864,862,189,187,188,356,357,361,170,1068,42,43,255,256,171,1066,44,45,104,102,103,953,1067,957,958,978,974,962,955,976,972,960,956,975,971,959,954,977,973,961,979,994,990,986,980,992,988,984,981,993,989,985,982,991,987,983,1027,1077,966,965,964,963,970,969,968,967,1011,1012,1013,1014,1015,1016,1017,1018,1019,1020,1021,1022,1023,1024,1025,1026,1003,1004,1006,1005,1007,1008,1010,1009,995,996,998,997,999,1000,1002,1001
incorrect_for_iron_tool 177,863,861,864,862
incorrect_for_netherite_tool 
incorrect_for_stone_tool 177,863,861,864,862,189,187,188,356,357,361,170,1068,42,43,255,256
incorrect_for_wooden_tool 177,863,861,864,862,189,187,188,356,357,361,170,1068,42,43,255,256,171,1066,44,45,104,102,103,953,1067,957,958,978,974,962,955,976,972,960,956,975,971,959,954,977,973,961,979,994,990,986,980,992,988,984,981,993,989,985,982,991,987,983,1027,1077,966,965,964,963,970,969,968,967,1011,1012,1013,1014,1015,1016,1017,1018,1019,1020,1021,1022,1023,1024,1025,1026,1003,1004,1006,1005,1007,1008,1010,1009,995,996,998,997,999,1000,1002,1001
infiniburn_end 268,628,34
infiniburn_nether 268,628
infiniburn_overworld 268,628
inside_step_sound_blocks 946,950,332,338,929,1036
invalid_spawn_inside 349,624
iron_ores 44,45
jungle_logs 52,74,63,82
lapis_ores 102,103
lava_pool_stone_cannot_replace 34,182,185,350,1075,1078,1079,91,88,89,94,92,90,97,98,96,93,55,77,66,85,49,71,68,79,53,75,64,83,51,73,62,81,52,74,63,82,50,72,61,80,57,78,69,87,54,76,65,84,819,820,821,822,810,811,812,813
leaves 91,88,89,94,92,90,97,98,96,93
logs 55,77,66,85,49,71,68,79,53,75,64,83,51,73,62,81,52,74,63,82,50,72,61,80,57,78,69,87,54,76,65,84,819,820,821,822,810,811,812,813
logs_that_burn 55,77,66,85,49,71,68,79,53,75,64,83,51,73,62,81,52,74,63,82,50,72,61,80,57,78,69,87,54,76,65,84
lush_ground_replaceable 1,2,4,6,930,1044,1031,1030,9,8,11,10,337,1042,1037,1043,59,264,40,37
maintains_farmland 329,327,330,328,622,398,399,619,155,620,191
mangrove_logs 57,78,69,87
mangrove_logs_can_grow_through 1043,59,58,96,57,33,1035,331
mangrove_roots_can_grow_through 1043,59,58,1035,331,33,260
mineable/axe 109,328,327,1033,748,795,857,858,622,1039,1038,174,319,168,807,398,798,277,1031,1030,185,614,613,354,855,190,824,431,132,131,799,332,130,1041,278,266,205,519,801,338,794,330,326,321,342,399,329,325,320,169,793,1040,802,808,1032,265,809,518,427,829,828,331,815,827,826,191,520,521,522,523,524,525,526,527,528,529,530,531,532,533,534,535,536,537,538,539,540,541,542,543,544,545,546,547,548,549,550,551,588,586,590,587,333,585,841,842,592,593,589,55,77,66,85,49,71,68,79,53,75,64,83,51,73,62,81,52,74,63,82,50,72,61,80,57,78,69,87,54,76,65,84,819,820,821,822,810,811,812,813,13,14,15,16,17,19,831,832,22,23,18,25,26,27,28,29,31,1034,33,30,194,195,196,197,199,200,849,850,202,203,198,208,209,210,211,213,214,851,852,216,217,212,400,401,402,403,404,406,845,846,408,409,405,204,603,604,605,606,608,847,848,610,611,607,267,597,599,594,595,596,837,838,601,602,598,245,246,247,248,249,251,835,836,253,254,250,556,557,558,559,560,562,833,834,564,565,561,184,362,363,364,473,475,843,844,477,478,474,301,299,303,300,297,298,839,840,305,306,302,58,218,219,220,221,222,223,224,226,227,228,229,230,231,232,233,234,235,236,239,240,238,241,24,566,479,60,70,175
mineable/hoe 629,816,494,701,856,825,99,100,91,88,89,94,92,90,97,98,96,947,948,1037,1035,949,951,950,952,1036,93
mineable/pickaxe 1,2,3,4,5,6,7,12,42,43,44,45,46,47,48,102,103,104,105,106,107,108,170,171,172,176,177,182,187,188,189,193,207,243,244,255,256,268,271,272,307,308,309,310,322,323,334,335,339,340,341,343,344,351,355,356,357,358,361,428,429,432,433,434,435,436,437,438,440,441,442,443,444,445,446,447,448,449,450,451,452,453,454,455,456,483,484,485,486,487,488,489,490,491,492,511,512,552,553,554,555,567,568,569,570,571,572,573,574,576,577,578,579,580,581,582,583,584,615,616,617,618,628,630,631,633,651,652,653,654,655,656,657,658,659,660,661,662,663,664,665,666,667,668,669,670,671,672,673,674,675,676,677,678,679,680,681,682,704,705,706,707,708,709,710,711,712,713,714,715,716,717,718,724,725,726,727,728,734,735,736,737,738,753,754,755,756,757,758,759,760,761,762,763,764,765,766,767,768,769,770,771,772,773,774,775,776,777,778,779,796,797,800,803,804,805,806,814,823,861,862,863,864,869,870,871,873,874,875,876,877,878,879,881,882,883,884,887,888,889,930,944,956,955,954,953,957,958,959,960,961,962,971,972,973,974,975,976,977,978,979,980,981,982,983,984,985,986,987,988,989,990,991,992,993,994,1027,1028,1029,1044,1045,1046,1047,1049,1050,1051,1053,1054,1055,1057,1058,1059,1061,1062,1063,1065,1066,1067,1068,261,513,745,135,128,136,926,929,928,927,924,925,314,318,317,1064,313,316,315,259,885,367,368,780,781,782,783,784,785,787,788,789,790,791,792,872,880,886,1048,1052,1056,1060,786,933,937,942,634,650,646,647,644,642,648,638,643,640,637,636,641,645,649,635,639,424,425,426,345,346,347,348,206,126,127,439,746,312,336,575,311,1077,931,932,938,934,935,936,939,940,941,943,966,965,964,963,970,969,968,967,1011,1012,1013,1014,1015,1016,1017,1018,1019,1020,1021,1022,1023,1024,1025,1026,995,996,998,997,999,1000,1002,1001,1003,1004,1006,1005,1007,1008,1010,1009,1080
mineable/shovel 264,9,10,11,192,8,40,337,37,39,262,260,269,623,270,1042,59,1043,38,41,683,684,685,686,687,688,689,690,691,692,693,694,695,696,697,698
mob_interactable_doors 204,603,604,605,606,608,847,848,610,611,607,995,996,998,997,999,1000,1002,1001
mooshrooms_spawnable_on 337
moss_replaceable 1,2,4,6,930,1044,1031,1030,9,8,11,10,337,1042,1037,1043,59
mushroom_grow_block 337,11,823,814
needs_diamond_tool 177,863,861,864,862
needs_iron_tool 189,187,188,356,357,361,170,1068,42,43,255,256
needs_stone_tool 171,1066,44,45,104,102,103,953,1067,957,958,978,974,962,955,976,972,960,956,975,971,959,954,977,973,961,979,994,990,986,980,992,988,984,981,993,989,985,982,991,987,983,1027,1077,966,965,964,963,970,969,968,967,1011,1012,1013,1014,1015,1016,1017,1018,1019,1020,1021,1022,1023,1024,1025,1026,1003,1004,1006,1005,1007,1008,1010,1009,995,996,998,997,999,1000,1002,1001
nether_carver_replaceables 1,2,4,6,930,1044,268,271,870,9,8,11,10,337,1042,1037,1043,59,823,814,629,816,269,270
nylium 823,814
oak_logs 49,71,68,79
occludes_vibration_signals 137,138,139,140,141,142,143,144,145,146,147,148,149,150,151,152
overworld_carver_replaceables 1,2,4,6,930,1044,9,8,11,10,337,1042,1037,1043,59,37,39,38,511,441,442,443,444,445,446,447,448,449,450,451,452,453,454,455,456,44,45,957,958,35,40,41,106,552,944,260,513,1066,1067
overworld_natural_logs 53,51,49,52,50,55,57,54
parrots_spawnable_on 8,0,91,88,89,94,92,90,97,98,96,93,55,77,66,85,49,71,68,79,53,75,64,83,51,73,62,81,52,74,63,82,50,72,61,80,57,78,69,87,54,76,65,84,819,820,821,822,810,811,812,813
piglin_repellents 181,273,806,274,808
planks 13,14,15,16,17,19,831,832,22,23,18
polar_bears_spawnable_on_alternate 261
portals 276,349,624
pressure_plates 428,429,245,246,247,248,249,251,835,836,253,254,250,243,884
prevent_mob_spawning_inside 206,126,127,439
rabbits_spawnable_on 8,260,262,37
rails 206,126,127,439
redstone_ores 255,256
replaceable 0,35,36,130,131,132,133,134,180,181,260,331,332,482,518,519,632,750,751,752,817,818,830,1041
replaceable_by_trees 91,88,89,94,92,90,97,98,96,93,130,131,132,331,332,514,515,516,517,518,519,1041,621,35,133,134,817,818,830
sand 37,39,38
saplings 25,26,27,28,29,31,1033,1034,33,30
sculk_replaceable 1,2,4,6,930,1044,9,8,11,10,337,1042,1037,1043,59,511,441,442,443,444,445,446,447,448,449,450,451,452,453,454,455,456,823,814,268,271,870,37,39,40,269,270,944,1065,264,1029,351,552,106
sculk_replaceable_world_gen 1,2,4,6,930,1044,9,8,11,10,337,1042,1037,1043,59,511,441,442,443,444,445,446,447,448,449,450,451,452,453,454,455,456,823,814,268,271,870,37,39,40,269,270,944,1065,264,1029,351,552,106,1057,1053,1045,1062,1063,1049
shulker_boxes 634,650,646,647,644,642,648,638,643,640,637,636,641,645,649,635,639
signs 194,195,196,197,199,200,849,850,202,203,198,208,209,210,211,213,214,851,852,216,217,212
slabs 556,557,558,559,560,562,833,834,564,565,561,566,567,568,574,569,580,577,578,573,572,576,571,490,491,492,767,768,769,770,771,772,773,774,775,776,777,778,779,570,579,873,878,883,1047,1051,1055,1059,992,993,994,975,976,977,978,991,575,931,935,940
small_dripleaf_placeable 264,1037
small_flowers 154,156,157,158,159,160,161,162,163,164,165,167,166,155
smelts_to_glass 37,39
snaps_goat_horn 53,51,49,52,50,55,57,54,1,513,44,46,957,356
sniffer_diggable_block 9,8,11,10,1042,1037,1043,59
sniffer_egg_hatch_boost 1037
snow 260,262,946
snow_layer_can_survive_on 859,269,1043
snow_layer_cannot_survive_on 261,513,481
soul_fire_base_blocks 269,270
soul_speed_blocks 269,270
spruce_logs 50,72,61,80
stairs 184,362,363,364,473,475,843,844,477,478,474,479,207,355,341,335,334,617,438,555,488,487,489,753,754,755,756,757,758,759,760,761,762,763,764,765,766,871,879,882,1046,1050,1054,1058,971,972,973,974,988,989,990,987,336,932,936,941
standing_signs 194,195,196,197,199,200,849,850,202,203,198
stone_bricks 307,308,309,310
stone_buttons 259,885
stone_ore_replaceables 1,2,4,6
stone_pressure_plates 243,884
strider_warm_blocks 36
sword_efficient 91,88,89,94,92,90,97,98,96,93,25,26,27,28,29,31,1033,1034,33,30,154,156,157,158,159,160,161,162,163,164,165,167,166,155,622,398,399,191,330,329,619,620,130,131,132,331,332,514,515,516,517,518,519,1041,621,168,169,265,325,277,278,326,327,328,338,354,809,1030,1031,1032,1035,1036,1038,1039,1040,342,815,817,818,824,826,827,828,829,830,613,614
tall_flowers 514,515,517,516,621
terracotta 511,441,442,443,444,445,446,447,448,449,450,451,452,453,454,455,456
trail_ruins_replaceable 40
trapdoors 301,299,303,300,297,298,839,840,305,306,302,483,1003,1004,1006,1005,1007,1008,1010,1009
underwater_bonemeals 133,719,720,721,722,723,729,730,731,732,733,739,740,741,742,743
unstable_bottom_center 588,586,590,587,333,585,841,842,592,593,589
valid_spawn 8,11
vibration_resonators 924
wall_corals 739,740,741,742,743
wall_hanging_signs 230,231,232,233,234,235,236,239,240,238,241
wall_post_override 178,273,257,360,194,195,196,197,199,200,849,850,202,203,198,208,209,210,211,213,214,851,852,216,217,212,520,521,522,523,524,525,526,527,528,529,530,531,532,533,534,535,536,537,538,539,540,541,542,543,544,545,546,547,548,549,550,551,428,429,245,246,247,248,249,251,835,836,253,254,250,243,884
wall_signs 208,209,210,211,213,214,851,852,216,217,212
walls 367,368,780,781,782,783,784,785,787,788,789,790,791,792,872,880,886,1048,1052,1056,1060,786,933,937,942
warped_stems 810,811,812,813
wart_blocks 629,816
wither_immune 481,34,349,350,624,365,625,626,853,854,153,482,1075
wither_summon_base_blocks 269,270
wolves_spawnable_on 8,260,262,10,11
wooden_buttons 400,401,402,403,404,406,845,846,408,409,405
wooden_doors 204,603,604,605,606,608,847,848,610,611,607
wooden_fences 267,597,599,594,595,596,837,838,601,602,598
wooden_pressure_plates 245,246,247,248,249,251,835,836,253,254,250
wooden_slabs 556,557,558,559,560,562,833,834,564,565,561
wooden_stairs 184,362,363,364,473,475,843,844,477,478,474
wooden_trapdoors 301,299,303,300,297,298,839,840,305,306,302
wool 137,138,139,140,141,142,143,144,145,146,147,148,149,150,151,152
wool_carpets 495,496,497,498,499,500,501,502,503,504,505,506,507,508,509,510
tags cat_variant 2
default_spawns 0,1,2,3,4,5,6,7,8,9
full_moon_spawns 0,1,2,3,4,5,6,7,8,9,10
tags damage_type 33
always_hurts_ender_dragons 15,9,35,1
always_kills_armor_stands 0,44,14,48,46
always_most_significant_fall 32
always_triggers_silverfish 27
avoids_guardian_thorns 27,42,15,9,35,1
burn_from_stepping 3,20
burns_armor_stands 31
bypasses_armor 31,22,4,6,16,18,47,5,39,10,8,17,38,27,23,32,19,36,33
bypasses_effects 39
bypasses_enchantments 36
bypasses_invulnerability 32,19
bypasses_resistance 32,19
bypasses_shield 31,22,4,6,16,18,47,5,39,10,8,17,38,27,23,32,19,36,33,11,13
bypasses_wolf_armor 32,19,4,6,7,17,22,23,27,33,39,42,47
can_break_armor_stand 35,34,26
damages_helmet 11,12,13
ignites_armor_stands 21,3
is_drowning 6
is_explosion 15,9,35,1
is_fall 10,8,38
is_fire 21,3,31,24,20,45,14
is_freezing 17
is_lightning 25
is_player_attack 34,26
is_projectile 0,44,30,45,14,48,43,46
mace_smash 26
no_anger 29
no_impact 6
no_knockback 9,35,1,21,25,31,24,20,22,4,6,39,2,10,8,16,32,18,27,47,5,7,41,17,38,33,19,3
panic_causes 2,17,20,21,24,25,31,0,5,9,14,15,23,27,28,30,35,36,40,43,44,45,46,47,48,34,26
panic_environmental_causes 2,17,20,21,24,25,31
witch_resistant_to 27,23,36,42
wither_immune_to 6
tags enchantment 22
curse 2,40
double_trade_price 2,40,37,35,14,22,41
exclusive_set/armor 27,3,11,26
exclusive_set/boots 14,7
exclusive_set/bow 16,22
exclusive_set/crossbow 23,24
exclusive_set/damage 32,34,1,15,6,4
exclusive_set/mining 13,33
exclusive_set/riptide 19,5
in_enchanting_table 27,11,9,3,26,30,0,38,7,32,34,1,17,10,18,36,8,33,39,13,25,28,12,16,20,21,19,15,31,5,23,29,24,6,4
non_treasure 27,11,9,3,26,30,0,38,7,32,34,1,17,10,18,36,8,33,39,13,25,28,12,16,20,21,19,15,31,5,23,29,24,6,4
on_mob_spawn_equipment 27,11,9,3,26,30,0,38,7,32,34,1,17,10,18,36,8,33,39,13,25,28,12,16,20,21,19,15,31,5,23,29,24,6,4
on_random_loot 27,11,9,3,26,30,0,38,7,32,34,1,17,10,18,36,8,33,39,13,25,28,12,16,20,21,19,15,31,5,23,29,24,6,4,2,40,14,22
on_traded_equipment 27,11,9,3,26,30,0,38,7,32,34,1,17,10,18,36,8,33,39,13,25,28,12,16,20,21,19,15,31,5,23,29,24,6,4
prevents_bee_spawns_when_mining 33
prevents_decorated_pot_shattering 33
prevents_ice_melting 33
prevents_infested_spawns 33
smelts_loot 10
tooltip_order 2,40,31,5,41,14,32,34,1,15,25,6,4,24,36,23,10,12,17,28,27,3,11,26,9,13,18,33,20,8,29,21,30,0,35,37,7,38,19,39,16,22
tradeable 27,11,9,3,26,30,0,38,7,32,34,1,17,10,18,36,8,33,39,13,25,28,12,16,20,21,19,15,31,5,23,29,24,6,4,2,40,14,22
treasure 2,40,37,35,14,22,41
tags entity_type 35
aquatic 131,7,61,39,26,101,104,130,34,121,59,124
arrows 6,117
arthropod 11,41,108,118,21
axolotl_always_hostiles 37,61,39
axolotl_hunt_targets 130,101,104,26,121,59,124
beehive_inhabitors 11
boat 85,119,12,72,0,22,32,79,9
can_breathe_under_water 109,122,140,110,16,145,144,146,147,143,37,65,139,94,7,54,61,39,131,59,26,101,104,121,130,124,5
can_turn_in_boats 17
deflects_projectiles 17
dismounts_underwater 19,25,35,64,76,84,95,103,118,123,128,145
fall_damage_immune 68,115,106,2,10,11,14,20,25,56,94,78,87,93,139,17
freeze_hurts_extra_types 123,14,78
freeze_immune_entity_types 122,99,115,139
frog_food 111,78
ignores_poison_and_regen 109,122,140,110,16,145,144,146,147,143,37,65,139,94
illager 45,66,98,134
illager_friends 45,66,98,134
immune_to_infested 108
immune_to_oozing 111
impact_projectiles 6,117,52,114,51,112,38,129,36,141,137,18
inverted_healing_and_harm 109,122,140,110,16,145,144,146,147,143,37,65,139,94
no_anger_from_wind_charge 17,109,16,122,144,65,118,21,111
non_controlling_rider 111,78
not_scary_for_pufferfish 131,61,39,26,101,104,130,34,121,59,124
powder_snow_walkable_mobs 102,41,108,53
raiders 45,98,103,134,66,138
redirectable_projectile 51,137,18
sensitive_to_bane_of_arthropods 11,41,108,118,21
sensitive_to_impaling 131,7,61,39,26,101,104,130,34,121,59,124
sensitive_to_smite 109,122,140,110,16,145,144,146,147,143,37,65,139,94
skeletons 109,122,140,110,16
undead 109,122,140,110,16,145,144,146,147,143,37,65,139,94
wither_friends 109,122,140,110,16,145,144,146,147,143,37,65,139,94
zombies 145,144,146,147,143,37,65
tags fluid 2
lava 4,3
water 2,1
tags game_event 5
allay_can_listen 33
ignore_vibrations_sneaking 26,36,41,42,29,28
shrieker_can_listen 37
vibrations 1,2,3,5,6,7,8,0,4,9,10,11,12,13,14,15,16,17,18,19,20,21,22,24,25,26,27,28,32,33,34,35,36,38,40,41,42,43,44,45,46,47,48,49,50,51,52,53,54,55,56,57,58,59,23
warden_can_listen 1,2,3,5,6,7,8,0,4,9,10,11,12,13,14,15,16,17,18,19,20,21,22,24,25,26,27,28,32,33,34,35,36,38,40,41,42,43,44,45,46,47,48,49,50,51,52,53,54,55,56,57,58,59,39,37
tags instrument 3
goat_horns 4,6,5,3,0,1,7,2
regular_goat_horns 4,6,5,3
screaming_goat_horns 0,1,7,2
tags item 170
acacia_logs 138,175,152,163
anvil 433,434,435
armadillo_food 1040
arrows 824,1202,1201
axes 863,848,853,868,843,858
axolotl_food 942
bamboo_blocks 147,170
banners 1175,1176,1177,1178,1179,1180,1181,1182,1183,1184,1185,1186,1187,1188,1189,1190
beacon_payment_items 838,828,827,837,833
beds 1018,1019,1015,1016,1013,1011,1017,1007,1012,1009,1006,1005,1010,1014,1004,1008
bee_food 225,226,227,228,229,230,231,232,233,234,235,236,237,238,479,480,482,481,239,192,205,57,187,252,305,240
birch_logs 136,173,150,161
boats 794,796,798,800,802,806,810,812,804,795,797,799,801,803,807,811,813,805
bookshelf_books 949,1133,1156,1132,1208
breaks_decorated_pots 860,845,850,865,840,855,863,848,853,868,843,858,862,847,852,867,842,857,861,846,851,866,841,856,864,849,854,869,844,859,1230,1135
brewing_fuel 1042
bundles 954,970,966,967,964,962,968,958,963,960,957,956,961,965,969,959,955
buttons 698,699,700,701,702,704,708,709,706,707,703,696,697
camel_food 320
candles 1284,1285,1286,1287,1288,1289,1290,1291,1292,1293,1294,1295,1296,1297,1298,1299,1300
cat_food 975,976
cherry_logs 139,176,153,164
chest_armor 879,883,895,887,891,899
chest_boats 795,797,799,801,803,807,811,813,805
chicken_food 875,1027,1026,1197,1194,1195
cluster_max_harvestables 862,852,857,867,847,842
coal_ores 64,65
coals 825,826
compasses 952,953
completes_find_tree_tutorial 141,178,154,165,134,171,148,159,138,175,152,163,136,173,150,161,137,174,151,162,135,172,149,160,142,179,156,167,139,176,153,164,145,157,180,168,146,158,181,169,185,182,183,188,186,184,191,192,190,187,531,532
copper_ores 68,69
cow_food 876
creeper_drop_music_discs 1210,1211,1212,1213,1216,1217,1218,1219,1220,1221,1222,1223
creeper_igniters 820,1130
crimson_stems 145,157,180,168
dampens_vibrations 209,210,211,212,213,214,215,216,217,218,219,220,221,222,223,224,460,461,462,463,464,465,466,467,468,469,470,471,472,473,474,475
dark_oak_logs 141,178,154,165
decorated_pot_ingredients 945,1331,1332,1333,1334,1335,1336,1337,1338,1340,1342,1343,1344,1345,1346,1347,1348,1350,1351,1352,1353,1339,1341,1349
decorated_pot_sherds 1331,1332,1333,1334,1335,1336,1337,1338,1340,1342,1343,1344,1345,1346,1347,1348,1350,1351,1352,1353,1339,1341,1349
diamond_ores 78,79
diamond_tool_materials 827
dirt 28,27,30,29,377,31,254,32,144
doors 727,728,729,730,731,733,737,738,735,736,732,739,740,741,742,743,744,745,746,726
duplicates_allays 831
dyeable 878,879,880,881,1169,819
emerald_ores 74,75
enchantable/armor 881,885,897,889,893,901,880,884,896,888,892,900,879,883,895,887,891,899,878,882,894,886,890,898,816
enchantable/bow 823
enchantable/chest_armor 879,883,895,887,891,899
enchantable/crossbow 1233
enchantable/durability 881,885,897,889,893,901,880,884,896,888,892,900,879,883,895,887,891,899,878,882,894,886,890,898,816,793,1204,860,845,850,865,840,855,863,848,853,868,843,858,862,847,852,867,842,857,861,846,851,866,841,856,864,849,854,869,844,859,823,1233,1230,820,1023,1311,971,790,791,1135
enchantable/equippable 881,885,897,889,893,901,880,884,896,888,892,900,879,883,895,887,891,899,878,882,894,886,890,898,816,793,1147,1149,1148,1145,1146,1150,1151,336
enchantable/fire_aspect 860,845,850,865,840,855,1135
enchantable/fishing 971
enchantable/foot_armor 881,885,897,889,893,901
enchantable/head_armor 878,882,894,886,890,898,816
enchantable/leg_armor 880,884,896,888,892,900
enchantable/mace 1135
enchantable/mining 863,848,853,868,843,858,862,847,852,867,842,857,861,846,851,866,841,856,864,849,854,869,844,859,1023
enchantable/mining_loot 863,848,853,868,843,858,862,847,852,867,842,857,861,846,851,866,841,856,864,849,854,869,844,859
enchantable/sharp_weapon 860,845,850,865,840,855,863,848,853,868,843,858
enchantable/sword 860,845,850,865,840,855
enchantable/trident 1230
enchantable/vanishing 881,885,897,889,893,901,880,884,896,888,892,900,879,883,895,887,891,899,878,882,894,886,890,898,816,793,1204,860,845,850,865,840,855,863,848,853,868,843,858,862,847,852,867,842,857,861,846,851,866,841,856,864,849,854,869,844,859,823,1233,1230,820,1023,1311,971,790,791,1135,952,336,1147,1149,1148,1145,1146,1150,1151
enchantable/weapon 860,845,850,865,840,855,863,848,853,868,843,858,1135
fence_gates 772,770,774,771,768,769,778,779,776,777,773
fences 323,327,329,324,325,326,333,334,331,332,328,382
fishes 975,979,976,980,978,977
flowers 225,226,227,228,229,230,231,232,233,234,235,236,237,238,479,480,482,481,239,192,205,57,187,252,305,240
foot_armor 881,885,897,889,893,901
fox_food 1259,1260
freeze_immune_wearables 881,880,879,878,1169
frog_food 950
furnace_minecart_fuel 825,826
gaze_disguise_equipment 336
goat_food 876
gold_ores 70,80,71
gold_tool_materials 837
hanging_signs 920,921,922,924,925,923,926,930,931,928,929
head_armor 878,882,894,886,890,898,816
hoes 864,849,854,869,844,859
hoglin_food 243
horse_food 876,1002,459,822,1144,906,907
horse_tempt_items 1144,906,907
ignored_by_piglin_babies 937
iron_ores 66,67
iron_tool_materials 833
jungle_logs 137,174,151,162
lapis_ores 76,77
leaves 185,182,183,188,186,184,191,192,190,187
lectern_books 1133,1132
leg_armor 880,884,896,888,892,900
llama_food 876,459
llama_tempt_items 459
logs 141,178,154,165,134,171,148,159,138,175,152,163,136,173,150,161,137,174,151,162,135,172,149,160,142,179,156,167,139,176,153,164,145,157,180,168,146,158,181,169
logs_that_burn 141,178,154,165,134,171,148,159,138,175,152,163,136,173,150,161,137,174,151,162,135,172,149,160,142,179,156,167,139,176,153,164
mangrove_logs 142,179,156,167
map_invisibility_equipment 336
meat 1028,1030,1029,1031,1174,904,1161,1173,903,1160,1032
netherite_tool_materials 838
non_flammable_wood 146,158,181,169,145,157,180,168,46,47,273,274,724,725,333,334,758,759,778,779,407,408,708,709,737,738,918,919,931,930
noteblock_top_instruments 1148,1145,1149,1150,1146,1151,1147
oak_logs 134,171,148,159
ocelot_food 975,976
panda_eats_from_ground 261,1003
panda_food 261
parrot_food 875,1027,1026,1197,1194,1195
parrot_poisonous_food 1020
pickaxes 862,847,852,867,842,857
pig_food 1139,1140,1196
piglin_food 903,904
piglin_loved 70,80,71,92,1274,712,837,1256,972,1144,1047,906,907,894,895,896,897,1167,850,852,851,853,854,836,86
piglin_repellents 344,1258,1262
piglin_safe_armor 894,895,896,897
planks 36,37,38,39,40,42,46,47,44,45,41
rabbit_food 1139,1144,225
rails 782,780,781,783
redstone_ores 72,73
repairs_chain_armor 833
repairs_diamond_armor 827
repairs_gold_armor 837
repairs_iron_armor 833
repairs_leather_armor 937
repairs_netherite_armor 838
repairs_turtle_helmet 817
repairs_wolf_armor 818
sand 59,62,60
saplings 49,50,51,52,53,55,204,205,57,54
sheep_food 876
shovels 861,846,851,866,841,856
shulker_boxes 536,552,548,549,546,544,550,540,545,542,539,538,543,547,551,537,541
signs 908,909,910,912,911,914,918,919,916,917,913
skulls 1147,1149,1148,1145,1146,1150,1151
slabs 262,263,264,265,266,268,273,274,270,271,267,272,275,276,282,277,288,285,286,281,280,284,279,289,290,291,653,654,655,656,657,658,659,660,661,662,663,664,665,278,287,1272,1280,1276,666,667,669,668,132,131,130,113,112,111,110,133,283,13,18,22
small_flowers 225,226,227,228,229,230,231,232,233,234,235,236,237,238
smelts_to_glass 59,62
sniffer_food 1194
soul_fire_base_blocks 339,340
spruce_logs 135,172,149,160
stairs 396,397,398,399,400,402,407,408,404,405,401,406,316,393,383,375,374,308,440,527,521,520,522,635,636,637,638,639,640,641,642,643,644,645,646,647,648,1273,1281,1277,649,650,652,651,109,108,107,106,128,127,126,129,376,14,19,23
stone_bricks 353,354,355,356
stone_buttons 696,697
stone_crafting_materials 35,1271,9
stone_tool_materials 35,1271,9
strider_food 244
strider_tempt_items 244,791
swords 860,845,850,865,840,855
tall_flowers 479,480,482,481,239
terracotta 476,441,442,443,444,445,446,447,448,449,450,451,452,453,454,455,456
trapdoors 752,750,754,751,748,749,758,759,756,757,753,747,760,761,762,763,764,765,766,767
trim_materials 833,835,837,829,828,827,838,671,830,831
trim_templates 1317,1323,1315,1318,1314,1316,1322,1320,1313,1319,1321,1324,1325,1326,1327,1328,1329,1330
trimmable_armor 881,885,897,889,893,901,880,884,896,888,892,900,879,883,895,887,891,899,878,882,894,886,890,898,816
turtle_food 207
villager_picks_up 875,1140,1139,1197,1194,1195,877,876,1196
villager_plantable_seeds 875,1140,1139,1197,1194,1195
walls 411,412,413,414,415,416,417,418,420,421,422,423,424,425,426,428,427,429,430,432,431,419,15,20,24
warped_stems 146,158,181,169
wart_blocks 531,532
wolf_food 1028,1030,1029,1031,1174,904,1161,1173,903,1160,1032,975,979,976,980,977,978,1162
wooden_buttons 698,699,700,701,702,704,708,709,706,707,703
wooden_doors 727,728,729,730,731,733,737,738,735,736,732
wooden_fences 323,327,329,324,325,326,333,334,331,332,328
wooden_pressure_plates 714,715,716,717,718,720,724,725,722,723,719
wooden_slabs 262,263,264,265,266,268,273,274,270,271,267
wooden_stairs 396,397,398,399,400,402,407,408,404,405,401
wooden_tool_materials 36,37,38,39,40,42,46,47,44,45,41
wooden_trapdoors 752,750,754,751,748,749,758,759,756,757,753
wool 209,210,211,212,213,214,215,216,217,218,219,220,221,222,223,224
wool_carpets 460,461,462,463,464,465,466,467,468,469,470,471,472,473,474,475
tags painting_variant 1
placeable 23,1,0,2,5,31,46,34,12,36,41,13,45,21,25,8,39,44,38,49,18,32,30,7,37,14,4,22,26,35,43,3,6,9,10,11,16,17,19,24,27,28,29,33,40,42
tags point_of_interest_type 3
acquirable_job_site 0,1,2,3,4,5,6,7,8,9,10,11,12
bee_home 15,16
village 0,1,2,3,4,5,6,7,8,9,10,11,12,13,14
tags worldgen/biome 70
allows_surface_slime_spawns 53,31
allows_tropical_fish_spawns_at_any_height 30
has_closer_water_fog 53,31
has_structure/ancient_city 10
has_structure/bastion_remnant 7,34,48,58
has_structure/buried_treasure 3,44
has_structure/desert_pyramid 14
has_structure/end_city 17,18
has_structure/igloo 47,45,46
has_structure/jungle_temple 1,28
has_structure/mineshaft 11,9,13,12,22,35,6,29,57,40,24,3,44,32,23,27,50,46,5,61,59,60,54,47,37,38,1,28,49,21,20,4,36,8,25,51,33,26,62,14,41,45,39,52,53,31,42,15,30
has_structure/mineshaft_mesa 0,19,63
has_structure/nether_fortress 34,48,7,58,2
has_structure/nether_fossil 48
has_structure/ocean_monument 11,9,13,12
has_structure/ocean_ruin_cold 22,6,35,11,9,13
has_structure/ocean_ruin_warm 29,57,12
has_structure/pillager_outpost 14,39,41,45,54,32,23,27,50,46,5,25
has_structure/ruined_portal_desert 14
has_structure/ruined_portal_jungle 1,28,49
has_structure/ruined_portal_mountain 0,19,63,61,59,60,42,62,51,32,23,27,50,46,5
has_structure/ruined_portal_nether 34,48,7,58,2
has_structure/ruined_portal_ocean 11,9,13,12,22,35,6,29,57
has_structure/ruined_portal_standard 3,44,40,24,54,47,37,38,21,20,4,36,8,25,33,26,15,30,41,45,39,52
has_structure/ruined_portal_swamp 53,31
has_structure/shipwreck 11,9,13,12,22,35,6,29,57
has_structure/shipwreck_beached 3,44
has_structure/stronghold 33,11,22,9,6,13,35,12,29,57,51,53,31,46,45,44,60,25,61,47,59,54,39,32,3,21,38,20,4,8,42,41,28,0,14,63,27,50,24,40,26,37,52,36,49,1,19,62,5,23,15,30,10
has_structure/swamp_hut 53
has_structure/trail_ruins 54,47,37,38,36,28
has_structure/trial_chambers 33,11,22,9,6,13,35,12,29,57,51,53,31,46,45,44,60,25,61,47,59,54,39,32,3,21,38,20,4,8,42,41,28,0,14,63,27,50,24,40,26,37,52,36,49,1,19,62,5,23,15,30
has_structure/village_desert 14
has_structure/village_plains 39,32
has_structure/village_savanna 41
has_structure/village_snowy 45
has_structure/village_taiga 54
has_structure/woodland_mansion 8
increased_fire_burnout 1,33,31,46,23,27,53,28
is_badlands 0,19,63
is_beach 3,44
is_deep_ocean 11,9,13,12
is_end 55,17,18,43,16
is_forest 21,20,4,36,8,25
is_hill 61,59,60
is_jungle 1,28,49
is_mountain 32,23,27,50,46,5
is_nether 34,48,7,58,2
is_ocean 11,9,13,12,22,35,6,29,57
is_overworld 33,11,22,9,6,13,35,12,29,57,51,53,31,46,45,44,60,25,61,47,59,54,39,32,3,21,38,20,4,8,42,41,28,0,14,63,27,50,24,40,26,37,52,36,49,1,19,62,5,23,15,30,10
is_river 40,24
is_savanna 41,42,62
is_taiga 54,47,37,38
mineshaft_blocking 10
more_frequent_drowned_spawns 40,24
plays_underwater_music 11,9,13,12,22,35,6,29,57,40,24
polar_bears_spawn_on_alternate_blocks 22,11
produces_corals_from_bonemeal 57
reduce_water_ambient_spawns 40,24
required_ocean_monument_surrounding 11,9,13,12,22,35,6,29,57,40,24
snow_golem_melts 0,2,7,14,19,34,41,42,48,58,62,63
spawns_cold_variant_frogs 45,26,23,27,46,22,11,25,10,24,47,44,55,17,18,43,16
spawns_gold_rabbits 14
spawns_snow_foxes 45,26,22,47,24,44,23,27,46,25
spawns_warm_variant_frogs 14,57,1,28,49,41,42,62,34,48,7,58,2,0,19,63,31
spawns_white_rabbits 45,26,22,47,24,44,23,27,46,25
stronghold_biased_to 39,52,45,26,14,21,20,4,8,36,37,38,54,47,41,42,61,60,59,62,28,49,1,0,19,63,32,25,46,23,27,50,33,15,30
water_on_map_outlines 11,9,13,12,22,35,6,29,57,40,24,53,31
without_patrol_spawns 33
without_wandering_trader_spawns 56
without_zombie_sieges 33
features 1
vanilla
