registry worldgen/biome 65
badlands
bamboo_jungle
basalt_deltas
beach
birch_forest
cherry_grove
cold_ocean
crimson_forest
dark_forest
deep_cold_ocean
deep_dark
deep_frozen_ocean
deep_lukewarm_ocean
deep_ocean
desert
dripstone_caves
end_barrens
end_highlands
end_midlands
eroded_badlands
flower_forest
forest
frozen_ocean
frozen_peaks
frozen_river
grove
ice_spikes
jagged_peaks
jungle
lukewarm_ocean
lush_caves
mangrove_swamp
meadow
mushroom_fields
nether_wastes
ocean
old_growth_birch_forest
old_growth_pine_taiga
old_growth_spruce_taiga
pale_garden
plains
river
savanna
savanna_plateau
small_end_islands
snowy_beach
snowy_plains
snowy_slopes
snowy_taiga
soul_sand_valley
sparse_jungle
stony_peaks
stony_shore
sunflower_plains
swamp
taiga
the_end
the_void
warm_ocean
warped_forest
windswept_forest
windswept_gravelly_hills
windswept_hills
windswept_savanna
wooded_badlands
registry chat_type 7
chat
emote_command
msg_command_incoming
msg_command_outgoing
say_command
team_msg_command_incoming
team_msg_command_outgoing
registry trim_pattern 18
bolt
coast
dune
eye
flow
host
raiser
rib
sentry
shaper
silence
snout
spire
tide
vex
ward
wayfinder
wild
registry trim_material 11
amethyst
copper
diamond
emerald
gold
iron
lapis
netherite
quartz
redstone
resin
registry wolf_variant 9
ashen
black
chestnut
pale
rusty
snowy
spotted
striped
woods
registry wolf_sound_variant 7
angry
big
classic
cute
grumpy
puglin
sad
registry pig_variant 3
cold
temperate
warm
registry pig_sound_variant 3
big
classic
mini
registry frog_variant 3
cold
temperate
warm
registry cat_variant 11
all_black
black
british_shorthair
calico
jellie
persian
ragdoll
red
siamese
tabby
white
registry cat_sound_variant 2
classic
royal
registry cow_sound_variant 2
classic
moody
registry cow_variant 3
cold
temperate
warm
registry chicken_sound_variant 2
classic
picky
registry chicken_variant 3
cold
temperate
warm
registry zombie_nautilus_variant 2
temperate
warm
registry painting_variant 51
alban
aztec
aztec2
backyard
baroque
bomb
bouquet
burning_skull
bust
cavebird
changing
cotan
courbet
creebet
dennis
donkey_kong
earth
endboss
fern
fighters
finding
fire
graham
humble
kebab
lowmist
match
meditative
orb
owlemons
passage
pigscene
plant
pointer
pond
pool
prairie_ride
sea
skeleton
skull_and_roses
stage
sunflowers
sunset
tides
unpacked
void
wanderer
wasteland
water
wind
wither
registry dimension_type 4
overworld
overworld_caves
the_end
the_nether
registry damage_type 50
arrow
bad_respawn_point
cactus
campfire
cramming
dragon_breath
drown
dry_out
ender_pearl
explosion
fall
falling_anvil
falling_block
falling_stalactite
fireball
fireworks
fly_into_wall
freeze
generic
generic_kill
hot_floor
in_fire
in_wall
indirect_magic
lava
lightning_bolt
mace_smash
magic
mob_attack
mob_attack_no_aggro
mob_projectile
on_fire
out_of_world
outside_border
player_attack
player_explosion
sonic_boom
spear
spit
stalagmite
starve
sting
sweet_berry_bush
thorns
thrown
trident
unattributed_fireball
wind_charge
wither
wither_skull
registry banner_pattern 43
base
border
bricks
circle
creeper
cross
curly_border
diagonal_left
diagonal_right
diagonal_up_left
diagonal_up_right
flow
flower
globe
gradient
gradient_up
guster
half_horizontal
half_horizontal_bottom
half_vertical
half_vertical_right
mojang
piglin
rhombus
skull
small_stripes
square_bottom_left
square_bottom_right
square_top_left
square_top_right
straight_cross
stripe_bottom
stripe_center
stripe_downleft
stripe_downright
stripe_left
stripe_middle
stripe_right
stripe_top
triangle_bottom
triangle_top
triangles_bottom
triangles_top
registry enchantment 43
aqua_affinity
bane_of_arthropods
binding_curse
blast_protection
breach
channeling
density
depth_strider
efficiency
feather_falling
fire_aspect
fire_protection
flame
fortune
frost_walker
impaling
infinity
knockback
looting
loyalty
luck_of_the_sea
lunge
lure
mending
multishot
piercing
power
projectile_protection
protection
punch
quick_charge
respiration
riptide
sharpness
silk_touch
smite
soul_speed
sweeping_edge
swift_sneak
thorns
unbreaking
vanishing_curse
wind_burst
registry jukebox_song 21
11
13
5
blocks
cat
chirp
creator
creator_music_box
far
lava_chicken
mall
mellohi
otherside
pigstep
precipice
relic
stal
strad
tears
wait
ward
registry instrument 8
admire_goat_horn
call_goat_horn
dream_goat_horn
feel_goat_horn
ponder_goat_horn
seek_goat_horn
sing_goat_horn
yearn_goat_horn
registry test_environment 1
default
registry test_instance 1
always_pass
registry dialog 3
custom_options
quick_actions
server_links
registry world_clock 2
overworld
the_end
registry timeline 4
day
early_game
moon
villager_schedule
tags banner_pattern 11
no_item_required 26,27,28,29,31,38,35,37,32,36,34,33,25,5,30,39,40,41,42,7,10,9,8,3,23,19,17,20,18,1,14,15
pattern_item/bordure_indented 6
pattern_item/creeper 4
pattern_item/field_masoned 2
pattern_item/flow 11
pattern_item/flower 12
pattern_item/globe 13
pattern_item/guster 16
pattern_item/mojang 21
pattern_item/piglin 22
pattern_item/skull 24
tags block 248
acacia_logs 53,75,64,83
air 0,794,795
all_hanging_signs 234,235,236,237,238,239,240,241,242,243,244,245,246,247,248,249,250,251,252,253,255,256,254,257
all_signs 210,211,212,213,215,216,217,901,902,218,219,214,224,225,226,227,229,230,231,903,904,232,233,228,234,235,236,237,238,239,240,241,242,243,244,245,246,247,248,249,250,251,252,253,255,256,254,257
ancient_city_replaceable 1123,1136,1132,1138,1134,1137,1135,1139,1124,1141,1142,147
animals_spawnable_on 8
anvil 467,468,469
armadillo_spawnable_on 8,554,484,488,485,498,496,492,39,10
axolotls_spawnable_on 281
azalea_grows_on 9,10,1121,1122,59,1116,1160,8,11,373,37,39,38,554,484,485,486,487,488,489,490,491,492,493,494,495,496,497,498,499,278,1000
azalea_root_replaceable 1,2,4,6,984,1123,9,10,1121,1122,59,1116,1160,8,11,373,554,484,485,486,487,488,489,490,491,492,493,494,495,496,497,498,499,39,281,40,37,278,1000
badlands_terracotta 554,484,488,485,498,496,492
bamboo_blocks 60,70
banners 563,564,565,566,567,568,569,570,571,572,573,574,575,576,577,578,579,580,581,582,583,584,585,586,587,588,589,590,591,592,593,594
bars 341,342,346,343,347,344,348,345,349
base_stone_nether 285,288,924
base_stone_overworld 1,2,4,6,984,1123
bats_spawnable_on 1,2,4,6,984,1123
beacon_base_blocks 915,403,205,174,175
beds 124,125,121,122,119,117,123,113,118,115,112,111,116,120,110,114
bee_attractive 157,1163,160,161,162,163,164,165,166,167,168,169,171,170,159,557,558,560,559,664,98,1111,33,93,1113,1114,657,1109,280
bee_growables 665,441,442,207,365,364,662,663,861,1107,1108
beehives 911,912
beneath_bamboo_podzol_replaceable 9,10,1121,1122,59,1116,1160,8,11,373
beneath_tree_podzol_replaceable 9,10,1121,1122,59,1116,1160,8,11,373
birch_logs 51,73,62,81
blocks_wind_charge_explosions 524,34
buttons 443,444,445,446,447,449,450,897,898,451,452,448,275,939
camel_sand_step_sound_blocks 37,39,38,726,727,728,729,730,731,732,733,734,735,736,737,738,739,740,741
camels_spawnable_on 37,39,38
campfires 859,860
can_glide_through 366,880,881,878,879,1108,1107
candle_cakes 961,962,963,964,965,966,967,968,969,970,971,972,973,974,975,976,977
candles 944,945,946,947,948,949,950,951,952,953,954,955,956,957,958,959,960
cannot_replace_below_tree_trunk 9,10,1121,1122,59,1116,1160,11
cannot_support_kelp 671
cannot_support_seagrass 671
cannot_support_snow_layer 277,556,524
cauldrons 387,388,389,390
cave_vines 1108,1107
ceiling_hanging_signs 234,235,236,237,238,239,240,241,242,243,244,245
chains 350,351,355,352,356,353,357,354,358
cherry_logs 54,76,65,84
climbable 221,366,837,878,879,880,881,1107,1108
coal_ores 46,47
combination_step_sound_blocks 538,539,540,541,542,543,544,545,546,547,548,549,550,551,552,553,1112,1161,276,870,869,882,368
completes_find_tree_tutorial 55,77,66,85,56,20,67,86,49,71,68,79,53,75,64,83,51,73,62,81,52,74,63,82,50,72,61,80,57,78,69,87,54,76,65,84,871,872,873,874,862,863,864,865,91,88,89,95,94,92,90,97,98,96,93,672,868
concrete_powder 726,727,728,729,730,731,732,733,734,735,736,737,738,739,740,741
convertable_to_mud 9,10,1121
copper 1007,1008,1009,1010,1033,1035,1034,1036
copper_chests 1081,1082,1083,1084,1085,1086,1087,1088
copper_golem_statues 1089,1090,1091,1092,1093,1094,1095,1096
copper_ores 1011,1012
coral_blocks 753,754,755,756,757
coral_plants 763,764,765,766,767
corals 763,764,765,766,767,773,774,775,776,777
crimson_stems 871,872,873,874
crops 665,441,442,207,365,364,662,663
crystal_sound_blocks 978,979
dampens_vibrations 140,141,142,143,144,145,146,147,148,149,150,151,152,153,154,155,538,539,540,541,542,543,544,545,546,547,548,549,550,551,552,553
dark_oak_logs 55,77,66,85
deepslate_ore_replaceables 1123,984
diamond_ores 203,204
dirt 9,10,1121
does_not_block_hoppers 911,912
doors 220,646,647,648,649,651,652,899,900,653,654,650,1049,1050,1052,1051,1053,1054,1056,1055,260
dragon_immune 524,34,391,392,667,407,668,669,905,906,156,193,917,393,341,918,1154,907,908
dragon_transparent 525,196,197
dripstone_replaceable_blocks 1,2,4,6,984,1123
edible_for_sheep 130,134,135,131
emerald_ores 398,399
enables_bubble_column_drag_down 671
enables_bubble_column_push_up 286
enchantment_power_provider 178
enchantment_power_transmitter 0,35,36,130,131,132,133,134,135,136,137,196,197,276,366,367,368,525,561,562,675,794,795,796,869,870,882,1115,1120
enderman_holdable 157,1163,160,161,162,163,164,165,166,167,168,169,171,170,159,1164,158,9,10,1121,1122,59,1116,1160,8,11,373,37,39,40,172,173,177,279,281,360,296,361,876,875,882,867,866,869,280
fall_damage_resetting 221,366,837,878,879,880,881,1107,1108,861,129
features_cannot_replace 34,198,201,392,1154,1157,1158
fence_gates 631,629,633,634,630,369,628,893,894,635,636,632
fences 284,640,642,643,637,638,639,889,890,644,645,641,382
fire 196,197
flower_pots 411,1165,1166,425,426,427,428,429,430,431,432,433,423,413,414,415,416,417,419,420,437,438,439,422,440,434,435,436,793,919,920,921,922,1148,1149,421,418,412,424
flowers 157,1163,160,161,162,163,164,165,166,167,168,169,171,170,159,1164,158,557,558,560,559,664,98,1111,33,93,1113,1114,657,1109,280
forest_rock_can_place_on 9,10,1121,1122,59,1116,1160,8,11,373,1,2,4,6,984,1123
foxes_spawnable_on 8,276,278,11,10
frog_prefer_jump_to 374,1117
frogs_spawnable_on 8,1122,58,59
geode_invalid_blocks 34,35,36,277,556,789
goats_spawnable_on 8,1,276,278,556,40
gold_ores 42,48,43
grass_blocks 8,11,373
grows_crops 208
guarded_by_piglins 1081,1082,1083,1084,1085,1086,1087,1088,174,839,201,400,935,470,1147,677,693,689,690,687,685,691,681,686,683,680,679,684,688,692,678,682,42,48,43
happy_ghast_avoids 861,279,170,671,196,1105
hoglin_repellents 867,920,295,918
huge_brown_mushroom_can_place_on 9,10,1121,1122,59,1116,1160,8,11,373,875,866
huge_red_mushroom_can_place_on 9,10,1121,1122,59,1116,1160,8,11,373,875,866
ice 277,556,789,670
ice_spike_replaceable 9,10,1121,1122,59,1116,1160,8,11,373,278,277
impermeable 101,300,301,302,303,304,305,306,307,308,309,310,311,312,313,314,315,999,524
incorrect_for_copper_tool 193,917,915,918,916,205,203,204,398,399,403,174,1147,42,43,271,272
incorrect_for_diamond_tool 
incorrect_for_gold_tool 193,917,915,918,916,205,203,204,398,399,403,174,1147,42,43,271,272,175,1145,44,45,104,102,103,1007,1146,1011,1012,1032,1028,1016,1009,1030,1026,1014,1010,1029,1025,1013,1008,1031,1027,1015,1033,1048,1044,1040,1034,1046,1042,1038,1035,1047,1043,1039,1036,1045,1041,1037,1156,1020,1019,1018,1017,1024,1023,1022,1021,1065,1066,1067,1068,1069,1070,1071,1072,1073,1074,1075,1076,1077,1078,1079,1080,1057,1058,1060,1059,1061,1062,1064,1063,1081,1082,1083,1084,1085,1086,1087,1088,1097,1098,1099,1100,1101,1102,1103,1104
incorrect_for_iron_tool 193,917,915,918,916
incorrect_for_netherite_tool 
incorrect_for_stone_tool 193,917,915,918,916,205,203,204,398,399,403,174,1147,42,43,271,272
incorrect_for_wooden_tool 193,917,915,918,916,205,203,204,398,399,403,174,1147,42,43,271,272,175,1145,44,45,104,102,103,1007,1146,1011,1012,1032,1028,1016,1009,1030,1026,1014,1010,1029,1025,1013,1008,1031,1027,1015,1033,1048,1044,1040,1034,1046,1042,1038,1035,1047,1043,1039,1036,1045,1041,1037,1156,1020,1019,1018,1017,1024,1023,1022,1021,1065,1066,1067,1068,1069,1070,1071,1072,1073,1074,1075,1076,1077,1078,1079,1080,1057,1058,1060,1059,1061,1062,1064,1063,1081,1082,1083,1084,1085,1086,1087,1088,1097,1098,1099,1100,1101,1102,1103,1104
infiniburn_end 285,671,34
infiniburn_nether 285,671
infiniburn_overworld 285,671
inside_step_sound_blocks 1000,1004,367,374,983,1113,1114,1115
invalid_spawn_inside 391,667
iron_ores 44,45
jungle_logs 52,74,63,82
lanterns 849,850,851,855,852,856,853,857,854,858
lapis_ores 102,103
lava_pool_stone_cannot_replace 34,198,201,392,1154,1157,1158,91,88,89,95,94,92,90,97,98,96,93,55,77,66,85,56,20,67,86,49,71,68,79,53,75,64,83,51,73,62,81,52,74,63,82,50,72,61,80,57,78,69,87,54,76,65,84,871,872,873,874,862,863,864,865
leaves 91,88,89,95,94,92,90,97,98,96,93
lightning_rods 1097,1098,1099,1100,1101,1102,1103,1104
logs 55,77,66,85,56,20,67,86,49,71,68,79,53,75,64,83,51,73,62,81,52,74,63,82,50,72,61,80,57,78,69,87,54,76,65,84,871,872,873,874,862,863,864,865
logs_that_burn 55,77,66,85,56,20,67,86,49,71,68,79,53,75,64,83,51,73,62,81,52,74,63,82,50,72,61,80,57,78,69,87,54,76,65,84
lush_ground_replaceable 1,2,4,6,984,1123,1108,1107,9,10,1121,1122,59,1116,1160,8,11,373,281,40,37
maintains_farmland 364,362,365,363,665,441,442,662,159,663,207,156,631,629,633,634,630,369,628,893,894,635,636,632
mangrove_logs 57,78,69,87
mangrove_logs_can_grow_through 1122,59,58,96,57,33,1112,366
mangrove_roots_can_grow_through 1122,59,58,1112,366,33,276
mineable/axe 109,792,839,911,912,1118,1117,178,338,859,842,296,201,657,656,396,909,206,474,843,367,297,283,221,845,838,361,340,360,339,846,860,470,366,563,564,565,566,567,568,569,570,571,572,573,574,575,576,577,578,579,580,581,582,583,584,585,586,587,588,589,590,591,592,593,594,631,629,633,634,630,369,628,893,894,635,636,632,55,77,66,85,56,20,67,86,49,71,68,79,53,75,64,83,51,73,62,81,52,74,63,82,50,72,61,80,57,78,69,87,54,76,65,84,871,872,873,874,862,863,864,865,13,14,15,16,17,19,21,883,884,22,23,18,210,211,212,213,215,216,217,901,902,218,219,214,224,225,226,227,229,230,231,903,904,232,233,228,443,444,445,446,447,449,450,897,898,451,452,448,220,646,647,648,649,651,652,899,900,653,654,650,284,640,642,643,637,638,639,889,890,644,645,641,261,262,263,264,265,267,268,887,888,269,270,266,599,600,601,602,603,605,606,885,886,607,608,604,200,404,405,406,516,518,519,895,896,520,521,517,320,318,322,323,319,316,317,891,892,324,325,321,58,234,235,236,237,238,239,240,241,242,243,244,245,246,247,248,249,250,251,252,253,255,256,254,257,24,609,522,60,70,179,180,181,182,183,184,185,186,187,188,189,190,191,199
mineable/hoe 91,88,89,95,94,92,90,97,98,96,93,672,868,537,744,910,877,99,100,1001,1002,1116,1112,1160,1161,1003,1005,1004,1006
mineable/pickaxe 1,2,3,4,5,6,7,12,42,43,44,45,46,47,48,102,103,104,105,106,107,108,174,175,176,192,193,198,203,204,205,209,223,259,260,271,272,285,288,289,326,327,328,329,370,371,381,382,383,385,386,393,397,398,399,400,403,471,472,475,476,477,478,479,480,481,483,484,485,486,487,488,489,490,491,492,493,494,495,496,497,498,499,526,527,528,529,530,531,532,533,534,535,554,555,595,596,597,598,610,611,612,613,614,615,616,617,619,620,621,622,623,624,625,626,627,658,659,660,661,671,673,674,676,694,695,696,697,698,699,700,701,702,703,704,705,706,707,708,709,710,711,712,713,714,715,716,717,718,719,720,721,722,723,724,725,748,749,750,751,752,753,754,755,756,757,758,759,760,761,762,768,769,770,771,772,778,779,780,781,782,797,798,799,800,801,802,803,804,805,806,807,808,809,810,811,812,813,814,815,816,817,818,819,820,821,822,823,840,841,844,847,848,866,875,915,916,917,918,923,924,925,927,928,929,930,931,932,933,935,936,937,938,941,942,943,984,998,1010,1009,1008,1007,1011,1012,1013,1014,1015,1016,1025,1026,1027,1028,1029,1030,1031,1032,1033,1034,1035,1036,1037,1038,1039,1040,1041,1042,1043,1044,1045,1046,1047,1048,1105,1106,1123,1124,1125,1126,1128,1129,1130,1132,1133,1134,1136,1137,1138,1140,1141,1142,1144,1145,1146,1147,277,556,789,138,128,139,980,983,982,981,978,979,333,337,336,1143,332,335,334,275,939,409,410,824,825,826,827,828,829,831,832,833,834,835,836,926,934,940,1127,1131,1135,1139,830,987,991,996,379,677,693,689,690,687,685,691,681,686,683,680,679,684,688,692,678,682,467,468,469,387,388,389,390,222,126,127,482,790,331,372,618,330,1156,985,986,992,988,989,990,993,994,995,997,1020,1019,1018,1017,1024,1023,1022,1021,1065,1066,1067,1068,1069,1070,1071,1072,1073,1074,1075,1076,1077,1078,1079,1080,1049,1050,1052,1051,1053,1054,1056,1055,1057,1058,1060,1059,1061,1062,1064,1063,1159,376,378,377,380,1081,1082,1083,1084,1085,1086,1087,1088,1089,1090,1091,1092,1093,1094,1095,1096,1097,1098,1099,1100,1101,1102,1103,1104,849,850,851,855,852,856,853,857,854,858,350,351,355,352,356,353,357,354,358,341,342,346,343,347,344,348,345,349
mineable/shovel 281,9,10,11,208,8,40,373,37,39,278,276,286,666,287,1121,59,1122,38,41,726,727,728,729,730,731,732,733,734,735,736,737,738,739,740,741
mob_interactable_doors 220,646,647,648,649,651,652,899,900,653,654,650,1049,1050,1052,1051,1053,1054,1056,1055
mooshrooms_spawnable_on 373
moss_blocks 1116,1160
moss_replaceable 1,2,4,6,984,1123,1108,1107,9,10,1121,1122,59,1116,1160,8,11,373
mud 1122,59
needs_diamond_tool 193,917,915,918,916
needs_iron_tool 205,203,204,398,399,403,174,1147,42,43,271,272
needs_stone_tool 175,1145,44,45,104,102,103,1007,1146,1011,1012,1032,1028,1016,1009,1030,1026,1014,1010,1029,1025,1013,1008,1031,1027,1015,1033,1048,1044,1040,1034,1046,1042,1038,1035,1047,1043,1039,1036,1045,1041,1037,1156,1020,1019,1018,1017,1024,1023,1022,1021,1065,1066,1067,1068,1069,1070,1071,1072,1073,1074,1075,1076,1077,1078,1079,1080,1057,1058,1060,1059,1061,1062,1064,1063,1081,1082,1083,1084,1085,1086,1087,1088,1097,1098,1099,1100,1101,1102,1103,1104
nether_carver_replaceables 1,2,4,6,984,1123,285,288,924,9,10,1121,1122,59,1116,1160,8,11,373,875,866,672,868,286,287
nylium 875,866
oak_logs 49,71,68,79
occludes_vibration_signals 140,141,142,143,144,145,146,147,148,149,150,151,152,153,154,155
overrides_mushroom_light_requirement 373,11,875,866
overworld_carver_replaceables 1,2,4,6,984,1123,9,10,1121,1122,59,1116,1160,8,11,373,37,39,38,554,484,485,486,487,488,489,490,491,492,493,494,495,496,497,498,499,44,45,1011,1012,276,278,1000,35,40,41,106,595,998,556,1145,1146
overworld_natural_logs 53,51,49,52,50,55,56,57,54
pale_oak_logs 56,20,67,86
parrots_spawnable_on 8,0,91,88,89,95,94,92,90,97,98,96,93,55,77,66,85,56,20,67,86,49,71,68,79,53,75,64,83,51,73,62,81,52,74,63,82,50,72,61,80,57,78,69,87,54,76,65,84,871,872,873,874,862,863,864,865
piglin_repellents 197,290,850,291,860
planks 13,14,15,16,17,19,21,883,884,22,23,18
polar_bears_spawnable_on_alternate 277
portals 295,391,667
pressure_plates 471,472,261,262,263,264,265,267,268,887,888,269,270,266,259,938
prevent_mob_spawning_inside 222,126,127,482
prevents_nearby_leaf_decay 55,77,66,85,56,20,67,86,49,71,68,79,53,75,64,83,51,73,62,81,52,74,63,82,50,72,61,80,57,78,69,87,54,76,65,84,871,872,873,874,862,863,864,865
rabbits_spawnable_on 8,276,278,37
rails 222,126,127,482
redstone_ores 271,272
replaceable 0,35,36,130,131,132,133,134,135,136,137,196,197,276,366,367,368,525,561,562,675,794,795,796,869,870,882,1115,1120
replaceable_by_mushrooms 91,88,89,95,94,92,90,97,98,96,93,157,1163,160,161,162,163,164,165,166,167,168,169,171,170,159,1164,158,1161,130,131,132,366,367,557,558,559,560,561,562,1120,664,35,136,137,172,173,338,339,869,870,882,1115,134,135,133,1167
replaceable_by_trees 91,88,89,95,94,92,90,97,98,96,93,157,1163,160,161,162,163,164,165,166,167,168,169,171,170,159,1164,158,1161,130,131,132,366,367,557,558,559,560,561,562,1120,664,35,136,137,133,1167,869,870,882,1115,134,135
sand 37,39,38
saplings 25,26,27,28,29,31,32,1110,1111,33,30
sculk_replaceable 1,2,4,6,984,1123,9,10,1121,1122,59,1116,1160,8,11,373,554,484,485,486,487,488,489,490,491,492,493,494,495,496,497,498,499,875,866,285,288,924,37,39,40,286,287,998,1144,281,1106,393,595,106
sculk_replaceable_world_gen 1,2,4,6,984,1123,9,10,1121,1122,59,1116,1160,8,11,373,554,484,485,486,487,488,489,490,491,492,493,494,495,496,497,498,499,875,866,285,288,924,37,39,40,286,287,998,1144,281,1106,393,595,106,1136,1132,1124,1141,1142,1128
shulker_boxes 677,693,689,690,687,685,691,681,686,683,680,679,684,688,692,678,682
signs 210,211,212,213,215,216,217,901,902,218,219,214,224,225,226,227,229,230,231,903,904,232,233,228
slabs 599,600,601,602,603,605,606,885,886,607,608,604,609,610,611,617,612,623,620,621,616,615,619,614,533,534,535,811,812,813,814,815,816,817,818,819,820,821,822,823,613,622,927,932,937,1126,1130,1134,1138,1046,1047,1048,1029,1030,1031,1032,1045,618,985,989,994,378
small_flowers 157,1163,160,161,162,163,164,165,166,167,168,169,171,170,159,1164,158
smelts_to_glass 37,39
snaps_goat_horn 53,51,49,52,50,55,56,57,54,1,556,44,46,1011,398
sniffer_diggable_block 9,10,1121,1122,59,1116,1160,8,11
sniffer_egg_hatch_boost 1116
snow 276,278,1000
soul_fire_base_blocks 286,287
soul_speed_blocks 286,287
spruce_logs 50,72,61,80
stairs 200,404,405,406,516,518,519,895,896,520,521,517,522,223,397,383,371,370,660,481,598,531,530,532,797,798,799,800,801,802,803,804,805,806,807,808,809,810,925,933,936,1125,1129,1133,1137,1025,1026,1027,1028,1042,1043,1044,1041,372,986,990,995,377
standing_signs 210,211,212,213,215,216,217,901,902,218,219,214
stone_bricks 326,327,328,329
stone_buttons 275,939
stone_ore_replaceables 1,2,4,6
stone_pressure_plates 259,938
strider_warm_blocks 36
substrate_overworld 9,10,1121,1122,59,1116,1160,8,11,373
support_override_cactus_flower 279,208
support_override_snow_layer 913,286,1122
supports_azalea 9,10,1121,1122,59,1116,1160,8,11,373,208,281
supports_bamboo 37,39,38,9,10,1121,1122,59,1116,1160,8,11,373,792,791,40,41
supports_big_dripleaf 281,1116,9,8,11,10,373,1121,1122,59,208
supports_cactus 37,39,38
supports_chorus_flower 393
supports_chorus_plant 393
supports_cocoa 52,74,63,82
supports_crimson_fungus 9,10,1121,1122,59,1116,1160,8,11,373,208,875,866,287
supports_crimson_roots 9,10,1121,1122,59,1116,1160,8,11,373,208,875,866,287
supports_crops 208
supports_dry_vegetation 37,39,38,554,484,485,486,487,488,489,490,491,492,493,494,495,496,497,498,499,9,10,1121,1122,59,1116,1160,8,11,373,208
supports_frogspawn 
supports_hanging_mangrove_propagule 96
supports_lily_pad 277,670
supports_mangrove_propagule 9,10,1121,1122,59,1116,1160,8,11,373,208,281
supports_melon_stem 208
supports_melon_stem_fruit 9,10,1121,1122,59,1116,1160,8,11,373,208
supports_nether_sprouts 9,10,1121,1122,59,1116,1160,8,11,373,208,875,866,287
supports_nether_wart 286
supports_pumpkin_stem 208
supports_pumpkin_stem_fruit 9,10,1121,1122,59,1116,1160,8,11,373,208
supports_small_dripleaf 281,1116
supports_stem_crops 208
supports_stem_fruit 9,10,1121,1122,59,1116,1160,8,11,373,208
supports_sugar_cane 9,10,1121,1122,59,1116,1160,8,11,373,37,39,38
supports_sugar_cane_adjacently 670
supports_vegetation 9,10,1121,1122,59,1116,1160,8,11,373,208
supports_warped_fungus 9,10,1121,1122,59,1116,1160,8,11,373,208,875,866,287
supports_warped_roots 9,10,1121,1122,59,1116,1160,8,11,373,208,875,866,287
supports_wither_rose 9,10,1121,1122,59,1116,1160,8,11,373,208,285,286,287
sword_efficient 91,88,89,95,94,92,90,97,98,96,93,366,367,360,296,297,361,396,1117,1118,656,657
sword_instantly_mines 792,791
terracotta 554,484,485,486,487,488,489,490,491,492,493,494,495,496,497,498,499
trail_ruins_replaceable 40
trapdoors 320,318,322,323,319,316,317,891,892,324,325,321,526,1057,1058,1060,1059,1061,1062,1064,1063
triggers_ambient_desert_dry_vegetation_block_sounds 554,484,485,486,487,488,489,490,491,492,493,494,495,496,497,498,499,37,39
triggers_ambient_desert_sand_block_sounds 37,39
triggers_ambient_dried_ghast_block_sounds 286,287
underwater_bonemeals 136,763,764,765,766,767,773,774,775,776,777,783,784,785,786,787
unstable_bottom_center 631,629,633,634,630,369,628,893,894,635,636,632
valid_spawn 8,11
vibration_resonators 978
wall_corals 783,784,785,786,787
wall_hanging_signs 246,247,248,249,250,251,252,253,255,256,254,257
wall_post_override 194,290,273,292,402,210,211,212,213,215,216,217,901,902,218,219,214,224,225,226,227,229,230,231,903,904,232,233,228,563,564,565,566,567,568,569,570,571,572,573,574,575,576,577,578,579,580,581,582,583,584,585,586,587,588,589,590,591,592,593,594,471,472,261,262,263,264,265,267,268,887,888,269,270,266,259,938,280
wall_signs 224,225,226,227,229,230,231,903,904,232,233,228
walls 409,410,824,825,826,827,828,829,831,832,833,834,835,836,926,934,940,1127,1131,1135,1139,830,987,991,996,379
warped_stems 862,863,864,865
wart_blocks 672,868
wither_immune 524,34,391,392,667,407,668,669,905,906,156,525,1154,907,908
wither_summon_base_blocks 286,287
wolves_spawnable_on 8,276,278,10,11
wooden_buttons 443,444,445,446,447,449,450,897,898,451,452,448
wooden_doors 220,646,647,648,649,651,652,899,900,653,654,650
wooden_fences 284,640,642,643,637,638,639,889,890,644,645,641
wooden_pressure_plates 261,262,263,264,265,267,268,887,888,269,270,266
wooden_shelves 180,181,182,183,184,185,186,187,188,189,190,191
wooden_slabs 599,600,601,602,603,605,606,885,886,607,608,604
wooden_stairs 200,404,405,406,516,518,519,895,896,520,521,517
wooden_trapdoors 320,318,322,323,319,316,317,891,892,324,325,321
wool 140,141,142,143,144,145,146,147,148,149,150,151,152,153,154,155
wool_carpets 538,539,540,541,542,543,544,545,546,547,548,549,550,551,552,553
tags damage_type 33
always_hurts_ender_dragons 15,9,35,1
always_kills_armor_stands 0,45,14,49,47
always_most_significant_fall 32
always_triggers_silverfish 27
avoids_guardian_thorns 27,43,15,9,35,1
burn_from_stepping 3,20
burns_armor_stands 31
bypasses_armor 31,22,4,6,16,18,48,5,40,10,8,17,39,27,23,32,19,36,33
bypasses_effects 40
bypasses_enchantments 36
bypasses_invulnerability 32,19
bypasses_resistance 32,19
bypasses_shield 31,22,4,6,16,18,48,5,40,10,8,17,39,27,23,32,19,36,33,2,3,7,11,13,20,21,24,25,42
bypasses_wolf_armor 32,19,4,6,7,17,22,23,27,33,40,43,48
can_break_armor_stand 35,34,37,26
damages_helmet 11,12,13
ignites_armor_stands 21,3
is_drowning 6
is_explosion 15,9,35,1
is_fall 10,8,39
is_fire 21,3,31,24,20,46,14
is_freezing 17
is_lightning 25
is_player_attack 34,37,26
is_projectile 0,45,30,46,14,49,44,47
mace_smash 26
no_anger 29
no_impact 6
no_knockback 9,35,1,21,25,31,24,20,22,4,6,40,2,10,8,16,32,18,27,48,5,7,42,17,39,33,19,3,37
panic_causes 2,17,20,21,24,25,31,0,5,9,14,15,23,27,28,30,35,36,41,44,45,46,47,48,49,34,37,26
panic_environmental_causes 2,17,20,21,24,25,31
witch_resistant_to 27,23,36,43
wither_immune_to 6
tags dialog 2
pause_screen_additions 
quick_actions 
tags enchantment 22
curse 2,41
double_trade_price 2,41,38,36,14,23,42
exclusive_set/armor 28,3,11,27
exclusive_set/boots 14,7
exclusive_set/bow 16,23
exclusive_set/crossbow 24,25
exclusive_set/damage 33,35,1,15,6,4
exclusive_set/mining 13,34
exclusive_set/riptide 19,5
in_enchanting_table 28,11,9,3,27,31,0,39,7,33,35,1,17,10,18,37,8,34,40,13,26,29,12,16,20,22,19,15,32,5,24,30,25,6,4,21
non_treasure 28,11,9,3,27,31,0,39,7,33,35,1,17,10,18,37,8,34,40,13,26,29,12,16,20,22,19,15,32,5,24,30,25,6,4,21
on_mob_spawn_equipment 28,11,9,3,27,31,0,39,7,33,35,1,17,10,18,37,8,34,40,13,26,29,12,16,20,22,19,15,32,5,24,30,25,6,4,21
on_random_loot 28,11,9,3,27,31,0,39,7,33,35,1,17,10,18,37,8,34,40,13,26,29,12,16,20,22,19,15,32,5,24,30,25,6,4,21,2,41,14,23
on_traded_equipment 28,11,9,3,27,31,0,39,7,33,35,1,17,10,18,37,8,34,40,13,26,29,12,16,20,22,19,15,32,5,24,30,25,6,4,21
prevents_bee_spawns_when_mining 34
prevents_decorated_pot_shattering 34
prevents_ice_melting 34
prevents_infested_spawns 34
smelts_loot 10
tooltip_order 2,41,32,5,42,14,21,33,35,1,15,26,6,4,25,37,24,10,12,17,29,28,3,11,27,9,13,18,34,20,8,30,22,31,0,36,38,7,39,19,40,16,23
tradeable 28,11,9,3,27,31,0,39,7,33,35,1,17,10,18,37,8,34,40,13,26,29,12,16,20,22,19,15,32,5,24,30,25,6,4,21,2,41,14,23
treasure 2,41,38,36,14,23,42
tags entity_type 47
accepts_iron_golem_gift 28
aquatic 137,7,63,40,27,107,110,136,35,127,61,130,88,152
arrows 6,123
arthropod 11,42,114,124,22
axolotl_always_hostiles 38,63,40
axolotl_hunt_targets 136,107,110,27,127,61,130
beehive_inhabitors 11
boat 89,125,12,74,0,23,33,94,81,9
burn_in_daylight 115,128,146,16,150,151,153,38,152,99
can_breathe_under_water 115,128,146,116,16,97,151,20,150,153,154,149,38,67,152,145,99,7,55,63,40,137,61,27,107,110,127,136,130,5,28,88
can_equip_harness 58
can_equip_saddle 66,116,151,36,87,100,129,19,20,88,152
can_float_while_ridden 66,151,87,36,19,20
can_turn_in_boats 17
can_wear_horse_armor 66,151
can_wear_nautilus_armor 88,152
candidate_for_iron_golem_gift 139,28
cannot_be_age_locked 151,116,139
cannot_be_pushed_onto_boats 155,40,27,107,110,136,35,127,61,130,31,88,152
deflects_projectiles 17
dismounts_underwater 19,26,36,58,66,78,87,100,109,124,129,134,151
fall_damage_immune 28,70,121,112,2,10,11,14,21,26,57,58,99,80,91,98,145,17
followable_friendly_mobs 4,11,19,21,26,30,36,54,62,58,66,116,78,87,91,96,98,100,104,108,111,119,129,139,148
freeze_hurts_extra_types 129,14,80
freeze_immune_entity_types 128,104,121,145
frog_food 117,80
ignores_poison_and_regen 115,128,146,116,16,97,151,20,150,153,154,149,38,67,152,145,99
illager 46,68,103,140
illager_friends 46,68,103,140
immune_to_infested 114
immune_to_oozing 117
impact_projectiles 6,123,53,120,52,118,39,135,37,147,143,18
inverted_healing_and_harm 115,128,146,116,16,97,151,20,150,153,154,149,38,67,152,145,99
nautilus_hostiles 107
no_anger_from_wind_charge 17,115,16,128,150,67,124,22,117
non_controlling_rider 117,80
not_scary_for_pufferfish 137,63,40,27,107,110,136,35,127,61,130,88,152
powder_snow_walkable_mobs 108,42,114,54
raiders 46,103,109,140,68,144
redirectable_projectile 52,143,18
sensitive_to_bane_of_arthropods 11,42,114,124,22
sensitive_to_impaling 137,7,63,40,27,107,110,136,35,127,61,130,88,152
sensitive_to_smite 115,128,146,116,16,97,151,20,150,153,154,149,38,67,152,145,99
skeletons 115,128,146,116,16,97
undead 115,128,146,116,16,97,151,20,150,153,154,149,38,67,152,145,99
wither_friends 115,128,146,116,16,97,151,20,150,153,154,149,38,67,152,145,99
zombies 151,20,150,153,154,149,38,67,152
tags fluid 6
bubble_column_can_occupy 2
lava 4,3
supports_frogspawn 2
supports_lily_pad 2
supports_sugar_cane_adjacently 2,1
water 2,1
tags game_event 5
allay_can_listen 33
ignore_vibrations_sneaking 26,36,41,42,29,28
shrieker_can_listen 37
vibrations 1,2,3,5,6,7,8,0,4,9,10,11,12,13,14,15,16,17,18,19,20,21,22,24,25,26,27,28,32,33,34,35,36,38,40,41,42,43,44,45,46,47,48,49,50,51,52,53,54,55,56,57,58,59,23
warden_can_listen 1,2,3,5,6,7,8,0,4,9,10,11,12,13,14,15,16,17,18,19,20,21,22,24,25,26,27,28,32,33,34,35,36,38,40,41,42,43,44,45,46,47,48,49,50,51,52,53,54,55,56,57,58,59,39,37
tags instrument 3
goat_horns 4,6,5,3,0,1,7,2
regular_goat_horns 4,6,5,3
screaming_goat_horns 0,1,7,2
tags item 207
acacia_logs 138,175,152,163
anvil 479,480,481
armadillo_food 1123
arrows 896,1294,1293
axes 940,925,930,945,915,935,920
axolotl_food 1023
bamboo_blocks 147,170
banners 1267,1268,1269,1270,1271,1272,1273,1274,1275,1276,1277,1278,1279,1280,1281,1282
bars 391,392,396,393,397,394,398,395,399
beacon_payment_items 910,900,899,909,905
beds 1101,1102,1098,1099,1096,1094,1100,1090,1095,1092,1089,1088,1093,1097,1087,1091
bee_food 229,231,233,234,235,236,237,238,239,240,241,242,243,244,245,525,526,528,527,246,192,206,57,187,259,260,326,247,342
birch_logs 136,173,150,161
boats 864,866,868,870,872,876,878,880,882,874,865,867,869,871,873,877,879,881,883,875
book_cloning_target 1221
bookshelf_books 1030,1222,1245,1221,1308
breaks_decorated_pots 937,922,927,942,912,932,917,940,925,930,945,915,935,920,939,924,929,944,914,934,919,938,923,928,943,913,933,918,941,926,931,946,916,936,921,1332,1224
brewing_fuel 1125
bundles 1037,1053,1049,1050,1047,1045,1051,1041,1046,1043,1040,1039,1044,1048,1052,1042,1038
buttons 752,753,754,755,756,758,759,762,763,760,761,757,750,751
camel_food 341
camel_husk_food 1253
candles 1399,1400,1401,1402,1403,1404,1405,1406,1407,1408,1409,1410,1411,1412,1413,1414,1415
cat_collar_dyes 1067,1068,1069,1070,1071,1072,1073,1074,1075,1076,1077,1078,1079,1080,1081,1082
cat_food 1058,1059
cauldron_can_remove_dye 955,956,957,958,1261,891
chains 400,401,405,402,406,403,407,404,408
cherry_logs 139,176,153,164
chest_armor 956,960,964,976,968,972,980
chest_boats 865,867,869,871,873,877,879,881,883,875
chicken_food 952,1110,1109,1289,1286,1287
cluster_max_harvestables 939,929,934,944,924,914,919
coal_ores 64,65
coals 897,898
compasses 1035,1036
completes_find_tree_tutorial 141,178,154,165,140,177,155,166,134,171,148,159,138,175,152,163,136,173,150,161,137,174,151,162,135,172,149,160,142,179,156,167,139,176,153,164,145,157,180,168,146,158,181,169,185,182,183,189,188,186,184,191,192,190,187,577,578
copper 91,95,96,97,114,115,116,117
copper_chests 1485,1486,1487,1488,1489,1490,1491,1492
copper_golem_statues 1493,1494,1495,1496,1497,1498,1499,1500
copper_ores 68,69
copper_tool_materials 907
cow_food 953
creeper_drop_music_discs 1310,1311,1312,1313,1316,1318,1319,1320,1321,1322,1323,1324
creeper_igniters 892,1219
crimson_stems 145,157,180,168
dampens_vibrations 213,214,215,216,217,218,219,220,221,222,223,224,225,226,227,228,506,507,508,509,510,511,512,513,514,515,516,517,518,519,520,521
dark_oak_logs 141,178,154,165
decorated_pot_ingredients 1026,1446,1447,1448,1449,1450,1451,1452,1453,1455,1457,1458,1459,1460,1461,1462,1463,1465,1466,1467,1468,1454,1456,1464
decorated_pot_sherds 1446,1447,1448,1449,1450,1451,1452,1453,1455,1457,1458,1459,1460,1461,1462,1463,1465,1466,1467,1468,1454,1456,1464
diamond_ores 78,79
diamond_tool_materials 899
dirt 28,29,31
doors 781,782,783,784,785,787,788,791,792,789,790,786,793,794,795,796,797,798,799,800,780
drowned_preferred_weapons 1332
duplicates_allays 903
dyes 1067,1068,1069,1070,1071,1072,1073,1074,1075,1076,1077,1078,1079,1080,1081,1082
eggs 1032,1033,1034
emerald_ores 74,75
enchantable/armor 958,962,966,978,970,974,982,957,961,965,977,969,973,981,956,960,964,976,968,972,980,955,959,963,975,967,971,979,888
enchantable/bow 895
enchantable/chest_armor 956,960,964,976,968,972,980
enchantable/crossbow 1340
enchantable/durability 958,962,966,978,970,974,982,957,961,965,977,969,973,981,956,960,964,976,968,972,980,955,959,963,975,967,971,979,888,863,1296,937,922,927,942,912,932,917,940,925,930,945,915,935,920,939,924,929,944,914,934,919,938,923,928,943,913,933,918,941,926,931,946,916,936,921,895,1340,1332,892,1106,1426,1054,860,861,1224,1302,1298,1301,1303,1297,1300,1299
enchantable/equippable 958,962,966,978,970,974,982,957,961,965,977,969,973,981,956,960,964,976,968,972,980,955,959,963,975,967,971,979,888,863,1236,1238,1237,1234,1235,1239,1240,358
enchantable/fire_aspect 937,922,927,942,912,932,917,1302,1298,1301,1303,1297,1300,1299,1224
enchantable/fishing 1054
enchantable/foot_armor 958,962,966,978,970,974,982
enchantable/head_armor 955,959,963,975,967,971,979,888
enchantable/leg_armor 957,961,965,977,969,973,981
enchantable/lunge 1302,1298,1301,1303,1297,1300,1299
enchantable/mace 1224
enchantable/melee_weapon 937,922,927,942,912,932,917,1302,1298,1301,1303,1297,1300,1299
enchantable/mining 940,925,930,945,915,935,920,939,924,929,944,914,934,919,938,923,928,943,913,933,918,941,926,931,946,916,936,921,1106
enchantable/mining_loot 940,925,930,945,915,935,920,939,924,929,944,914,934,919,938,923,928,943,913,933,918,941,926,931,946,916,936,921
enchantable/sharp_weapon 937,922,927,942,912,932,917,1302,1298,1301,1303,1297,1300,1299,940,925,930,945,915,935,920
enchantable/sweeping 937,922,927,942,912,932,917
enchantable/trident 1332
enchantable/vanishing 958,962,966,978,970,974,982,957,961,965,977,969,973,981,956,960,964,976,968,972,980,955,959,963,975,967,971,979,888,863,1296,937,922,927,942,912,932,917,940,925,930,945,915,935,920,939,924,929,944,914,934,919,938,923,928,943,913,933,918,941,926,931,946,916,936,921,895,1340,1332,892,1106,1426,1054,860,861,1224,1302,1298,1301,1303,1297,1300,1299,1035,358,1236,1238,1237,1234,1235,1239,1240
enchantable/weapon 937,922,927,942,912,932,917,1302,1298,1301,1303,1297,1300,1299,940,925,930,945,915,935,920,1224
fence_gates 826,824,828,829,825,822,823,832,833,830,831,827
fences 345,349,351,352,346,347,348,355,356,353,354,350,428
fishes 1058,1062,1059,1063,1061,1060
flowers 229,231,233,234,235,236,237,238,239,240,241,242,243,244,245,232,230,525,526,528,527,246,192,206,57,187,259,260,326,247,342
foot_armor 958,962,966,978,970,974,982
fox_food 1374,1375
freeze_immune_wearables 958,957,956,955,1261
frog_food 1031
furnace_minecart_fuel 897,898
gaze_disguise_equipment 358
goat_food 953
gold_ores 70,80,71
gold_tool_materials 909
grass_blocks 27,30,423
hanging_signs 1001,1002,1003,1005,1006,1004,1007,1008,1011,1012,1009,1010
happy_ghast_food 1017
happy_ghast_tempt_items 1017,839,840,841,842,843,844,845,846,847,848,849,850,851,852,853,854
harnesses 839,840,841,842,843,844,845,846,847,848,849,850,851,852,853,854
head_armor 955,959,963,975,967,971,979,888
hoes 941,926,931,946,916,936,921
hoglin_food 250
horse_food 953,1085,505,894,1228,1233,987,988
horse_tempt_items 1233,987,988
ignored_by_piglin_babies 1018
iron_ores 66,67
iron_tool_materials 905
jungle_logs 137,174,151,162
lanterns 1364,1365,1366,1370,1367,1371,1368,1372,1369,1373
lapis_ores 76,77
leaves 185,182,183,189,188,186,184,191,192,190,187
lectern_books 1222,1221
leg_armor 957,961,965,977,969,973,981
lightning_rods 734,735,736,737,738,739,740,741
llama_food 953,505
llama_tempt_items 505
logs 141,178,154,165,140,177,155,166,134,171,148,159,138,175,152,163,136,173,150,161,137,174,151,162,135,172,149,160,142,179,156,167,139,176,153,164,145,157,180,168,146,158,181,169
logs_that_burn 141,178,154,165,140,177,155,166,134,171,148,159,138,175,152,163,136,173,150,161,137,174,151,162,135,172,149,160,142,179,156,167,139,176,153,164
loom_dyes 1067,1068,1069,1070,1071,1072,1073,1074,1075,1076,1077,1078,1079,1080,1081,1082
loom_patterns 1343,1344,1345,1346,1347,1348,1349,1350,1351,1352
mangrove_logs 142,179,156,167
map_invisibility_equipment 358
meat 1111,1113,1112,1114,1266,985,1251,1265,984,1250,1115
metal_nuggets 1307,1306,1119
moss_blocks 263,266
mud 32,144
nautilus_bucket_food 1020,1022,1021,1023
nautilus_food 1058,1062,1059,1063,1061,1060,1020,1022,1021,1023
nautilus_taming_items 1020,1061
netherite_tool_materials 910
non_flammable_wood 146,158,181,169,145,157,180,168,46,47,282,283,778,779,355,356,812,813,832,833,453,454,762,763,791,792,999,1000,1012,1011,317,310
noteblock_top_instruments 1237,1234,1238,1239,1235,1240,1236
oak_logs 134,171,148,159
ocelot_food 1058,1059
pale_oak_logs 140,177,155,166
panda_eats_from_ground 270,1086
panda_food 270
parrot_food 952,1110,1109,1289,1286,1287
parrot_poisonous_food 1103
pickaxes 939,924,929,944,914,934,919
pig_food 1228,1229,1288
piglin_food 984,985
piglin_loved 70,80,71,92,1389,766,909,1363,1055,1233,1130,987,988,975,976,977,978,1258,1335,927,1301,929,928,930,931,908,86,230
piglin_preferred_weapons 1340,1301
piglin_repellents 366,1365,1377
piglin_safe_armor 975,976,977,978
pillager_preferred_weapons 1340
planks 36,37,38,39,40,42,43,46,47,44,45,41
rabbit_food 1228,1233,229
rails 836,834,835,837
redstone_ores 72,73
repairs_chain_armor 905
repairs_copper_armor 907
repairs_diamond_armor 899
repairs_gold_armor 909
repairs_iron_armor 905
repairs_leather_armor 1018
repairs_netherite_armor 910
repairs_turtle_helmet 889
repairs_wolf_armor 890
sand 59,62,60
saplings 49,50,51,52,53,55,56,205,206,57,54
shearable_from_copper_golem 233
sheep_food 953
shovels 938,923,928,943,913,933,918
shulker_boxes 582,598,594,595,592,590,596,586,591,588,585,584,589,593,597,583,587
signs 989,990,991,993,992,995,996,999,1000,997,998,994
skeleton_preferred_weapons 895
skulls 1236,1238,1237,1234,1235,1239,1240
slabs 271,272,273,274,275,277,278,282,283,279,280,276,281,284,285,291,286,297,294,295,290,289,293,288,298,299,300,700,701,702,703,704,705,706,707,708,709,710,711,712,287,296,1387,1395,1391,713,714,716,715,132,131,130,113,112,111,110,133,292,13,18,22,417
small_flowers 229,231,233,234,235,236,237,238,239,240,241,242,243,244,245,232,230
smelts_to_glass 59,62
sniffer_food 1286
soul_fire_base_blocks 361,362
spears 1302,1298,1301,1303,1297,1300,1299
spruce_logs 135,172,149,160
stairs 442,443,444,445,446,448,449,453,454,450,451,447,452,337,439,429,421,420,329,486,573,567,566,568,682,683,684,685,686,687,688,689,690,691,692,693,694,695,1388,1396,1392,696,697,699,698,109,108,107,106,128,127,126,129,422,14,19,23,416
stone_bricks 376,377,378,379
stone_buttons 750,751
stone_crafting_materials 35,1386,9
stone_tool_materials 35,1386,9
strider_food 251
strider_tempt_items 251,861
swords 937,922,927,942,912,932,917
terracotta 522,487,488,489,490,491,492,493,494,495,496,497,498,499,500,501,502
trapdoors 806,804,808,809,805,802,803,812,813,810,811,807,801,814,815,816,817,818,819,820,821
trim_materials 903,907,899,900,909,905,901,910,902,718,1247
trimmable_armor 958,962,966,978,970,974,982,957,961,965,977,969,973,981,956,960,964,976,968,972,980,955,959,963,975,967,971,979,888
turtle_food 211
villager_picks_up 952,1229,1228,1289,1286,1287,954,953,1288
villager_plantable_seeds 952,1229,1228,1289,1286,1287
walls 457,458,459,460,461,462,463,464,466,467,468,469,470,471,472,474,473,475,476,478,477,465,15,20,24,418
warped_stems 146,158,181,169
wart_blocks 577,578
wither_skeleton_disliked_weapons 895,1340
wolf_collar_dyes 1067,1068,1069,1070,1071,1072,1073,1074,1075,1076,1077,1078,1079,1080,1081,1082
wolf_food 1111,1113,1112,1114,1266,985,1251,1265,984,1250,1115,1058,1062,1059,1063,1060,1061,1252
wooden_buttons 752,753,754,755,756,758,759,762,763,760,761,757
wooden_doors 781,782,783,784,785,787,788,791,792,789,790,786
wooden_fences 345,349,351,352,346,347,348,355,356,353,354,350
wooden_pressure_plates 768,769,770,771,772,774,775,778,779,776,777,773
wooden_shelves 306,307,308,309,310,311,312,313,314,315,316,317
wooden_slabs 271,272,273,274,275,277,278,282,283,279,280,276
wooden_stairs 442,443,444,445,446,448,449,453,454,450,451,447
wooden_tool_materials 36,37,38,39,40,42,43,46,47,44,45,41
wooden_trapdoors 806,804,808,809,805,802,803,812,813,810,811,807
wool 213,214,215,216,217,218,219,220,221,222,223,224,225,226,227,228
wool_carpets 506,507,508,509,510,511,512,513,514,515,516,517,518,519,520,521
zombie_horse_food 249
tags painting_variant 1
placeable 24,1,0,2,5,32,47,35,12,37,42,13,46,22,26,8,40,45,39,50,19,33,31,7,38,15,4,23,27,36,44,3,6,9,10,11,17,18,20,25,28,29,30,34,41,43,14
tags point_of_interest_type 3
acquirable_job_site 0,1,2,3,4,5,6,7,8,9,10,11,12
bee_home 15,16
village 0,1,2,3,4,5,6,7,8,9,10,11,12,13,14
tags potion 1
tradeable 42,44,45,43,4,5,6,7,11,12,8,9,10,16,17,18,19,20,21,13,14,15,22,23,24,25,26,27,28,29,30,31,32,33,34,35,36,37,38,40,41
tags timeline 4
in_end 3
in_nether 3
in_overworld 3,0,2,1
universal 3
tags worldgen/biome 68
allows_surface_slime_spawns 54,31
allows_tropical_fish_spawns_at_any_height 30
has_structure/ancient_city 10
has_structure/bastion_remnant 7,34,49,59
has_structure/buried_treasure 3,45
has_structure/desert_pyramid 14
has_structure/end_city 17,18
has_structure/igloo 48,46,47
has_structure/jungle_temple 1,28
has_structure/mineshaft 11,9,13,12,22,35,6,29,58,41,24,3,45,32,23,27,51,47,5,62,60,61,55,48,37,38,1,28,50,21,20,4,36,8,39,25,52,33,26,63,14,42,46,40,53,54,31,43,15,30
has_structure/mineshaft_mesa 0,19,64
has_structure/nether_fortress 34,49,7,59,2
has_structure/nether_fossil 49
has_structure/ocean_monument 11,9,13,12
has_structure/ocean_ruin_cold 22,6,35,11,9,13
has_structure/ocean_ruin_warm 29,58,12
has_structure/pillager_outpost 14,40,42,46,55,32,23,27,51,47,5,25
has_structure/ruined_portal_desert 14
has_structure/ruined_portal_jungle 1,28,50
has_structure/ruined_portal_mountain 0,19,64,62,60,61,43,63,52,32,23,27,51,47,5
has_structure/ruined_portal_nether 34,49,7,59,2
has_structure/ruined_portal_ocean 11,9,13,12,22,35,6,29,58
has_structure/ruined_portal_standard 3,45,41,24,55,48,37,38,21,20,4,36,8,39,25,33,26,15,30,42,46,40,53
has_structure/ruined_portal_swamp 54,31
has_structure/shipwreck 11,9,13,12,22,35,6,29,58
has_structure/shipwreck_beached 3,45
has_structure/stronghold 33,11,22,9,6,13,35,12,29,58,52,54,31,47,46,45,61,25,62,48,60,55,40,32,3,21,38,20,4,8,39,43,42,28,0,14,64,27,51,24,41,26,37,53,36,50,1,19,63,5,23,15,30,10
has_structure/swamp_hut 54
has_structure/trail_ruins 55,48,37,38,36,28
has_structure/trial_chambers 33,11,22,9,6,13,35,12,29,58,52,54,31,47,46,45,61,25,62,48,60,55,40,32,3,21,38,20,4,8,39,43,42,28,0,14,64,27,51,24,41,26,37,53,36,50,1,19,63,5,23,15,30
has_structure/village_desert 14
has_structure/village_plains 40,32
has_structure/village_savanna 42
has_structure/village_snowy 46
has_structure/village_taiga 55
has_structure/woodland_mansion 8,39
is_badlands 0,19,64
is_beach 3,45
is_deep_ocean 11,9,13,12
is_end 56,17,18,44,16
is_forest 21,20,4,36,8,39,25
is_hill 62,60,61
is_jungle 1,28,50
is_mountain 32,23,27,51,47,5
is_nether 34,49,7,59,2
is_ocean 11,9,13,12,22,35,6,29,58
is_overworld 33,11,22,9,6,13,35,12,29,58,52,54,31,47,46,45,61,25,62,48,60,55,40,32,3,21,38,20,4,8,39,43,42,28,0,14,64,27,51,24,41,26,37,53,36,50,1,19,63,5,23,15,30,10
is_river 41,24
is_savanna 42,43,63
is_taiga 55,48,37,38
mineshaft_blocking 10
more_frequent_drowned_spawns 41,24
polar_bears_spawn_on_alternate_blocks 22,11
produces_corals_from_bonemeal 58
reduce_water_ambient_spawns 41,24
required_ocean_monument_surrounding 11,9,13,12,22,35,6,29,58,41,24
spawns_cold_variant_farm_animals 46,26,23,27,47,22,11,25,10,24,48,45,56,17,18,44,16,6,9,37,38,55,60,61,62,51
spawns_cold_variant_frogs 46,26,23,27,47,22,11,25,10,24,48,45,56,17,18,44,16
spawns_coral_variant_zombie_nautilus 58
spawns_gold_rabbits 14
spawns_snow_foxes 46,26,22,48,24,45,23,27,47,25
spawns_warm_variant_farm_animals 14,58,1,28,50,42,43,63,34,49,7,59,2,0,19,64,31,12,29
spawns_warm_variant_frogs 14,58,1,28,50,42,43,63,34,49,7,59,2,0,19,64,31
spawns_white_rabbits 46,26,22,48,24,45,23,27,47,25
stronghold_biased_to 40,53,46,26,14,21,20,4,8,39,36,37,38,55,48,42,43,62,61,60,63,28,50,1,0,19,64,32,5,25,47,23,27,51,33,15,30
water_on_map_outlines 11,9,13,12,22,35,6,29,58,41,24,54,31
without_wandering_trader_spawns 57
without_zombie_sieges 33
features 1
vanilla
